[176 184 188] (548) > -1	total: 0
[184 188 142] (514) <= 548
[188 142 151] (481) <= 514
[142 151 156] (449) <= 481
[151 156 157] (464) > 449	total: 1
[156 157 167] (480) > 464	total: 2
[157 167 166] (490) > 480	total: 3
[167 166 178] (511) > 490	total: 4
[166 178 182] (526) > 511	total: 5
[178 182 191] (551) > 526	total: 6
[182 191 190] (563) > 551	total: 7
[191 190 191] (572) > 563	total: 8
[190 191 192] (573) > 572	total: 9
[191 192 196] (579) > 573	total: 10
[192 196 197] (585) > 579	total: 11
[196 197 201] (594) > 585	total: 12
[197 201 204] (602) > 594	total: 13
[201 204 207] (612) > 602	total: 14
[204 207 212] (623) > 612	total: 15
[207 212 213] (632) > 623	total: 16
[212 213 231] (656) > 632	total: 17
[213 231 232] (676) > 656	total: 18
[231 232 234] (697) > 676	total: 19
[232 234 232] (698) > 697	total: 20
[234 232 239] (705) > 698	total: 21
[232 239 268] (739) > 705	total: 22
[239 268 279] (786) > 739	total: 23
[268 279 280] (827) > 786	total: 24
[279 280 282] (841) > 827	total: 25
[280 282 278] (840) <= 841
[282 278 283] (843) > 840	total: 26
[278 283 284] (845) > 843	total: 27
[283 284 283] (850) > 845	total: 28
[284 283 296] (863) > 850	total: 29
[283 296 302] (881) > 863	total: 30
[296 302 320] (918) > 881	total: 31
[302 320 321] (943) > 918	total: 32
[320 321 332] (973) > 943	total: 33
[321 332 334] (987) > 973	total: 34
[332 334 332] (998) > 987	total: 35
[334 332 335] (1001) > 998	total: 36
[332 335 340] (1007) > 1001	total: 37
[335 340 347] (1022) > 1007	total: 38
[340 347 348] (1035) > 1022	total: 39
[347 348 352] (1047) > 1035	total: 40
[348 352 342] (1042) <= 1047
[352 342 334] (1028) <= 1042
[342 334 333] (1009) <= 1028
[334 333 332] (999) <= 1009
[333 332 357] (1022) > 999	total: 41
[332 357 365] (1054) > 1022	total: 42
[357 365 366] (1088) > 1054	total: 43
[365 366 386] (1117) > 1088	total: 44
[366 386 394] (1146) > 1117	total: 45
[386 394 391] (1171) > 1146	total: 46
[394 391 387] (1172) > 1171	total: 47
[391 387 388] (1166) <= 1172
[387 388 389] (1164) <= 1166
[388 389 391] (1168) > 1164	total: 48
[389 391 394] (1174) > 1168	total: 49
[391 394 381] (1166) <= 1174
[394 381 392] (1167) > 1166	total: 50
[381 392 394] (1167) <= 1167
[392 394 397] (1183) > 1167	total: 51
[394 397 407] (1198) > 1183	total: 52
[397 407 428] (1232) > 1198	total: 53
[407 428 441] (1276) > 1232	total: 54
[428 441 444] (1313) > 1276	total: 55
[441 444 447] (1332) > 1313	total: 56
[444 447 448] (1339) > 1332	total: 57
[447 448 449] (1344) > 1339	total: 58
[448 449 450] (1347) > 1344	total: 59
[449 450 449] (1348) > 1347	total: 60
[450 449 453] (1352) > 1348	total: 61
[449 453 467] (1369) > 1352	total: 62
[453 467 476] (1396) > 1369	total: 63
[467 476 472] (1415) > 1396	total: 64
[476 472 486] (1434) > 1415	total: 65
[472 486 512] (1470) > 1434	total: 66
[486 512 517] (1515) > 1470	total: 67
[512 517 519] (1548) > 1515	total: 68
[517 519 530] (1566) > 1548	total: 69
[519 530 533] (1582) > 1566	total: 70
[530 533 537] (1600) > 1582	total: 71
[533 537 538] (1608) > 1600	total: 72
[537 538 552] (1627) > 1608	total: 73
[538 552 554] (1644) > 1627	total: 74
[552 554 550] (1656) > 1644	total: 75
[554 550 575] (1679) > 1656	total: 76
[550 575 583] (1708) > 1679	total: 77
[575 583 585] (1743) > 1708	total: 78
[583 585 597] (1765) > 1743	total: 79
[585 597 598] (1780) > 1765	total: 80
[597 598 600] (1795) > 1780	total: 81
[598 600 601] (1799) > 1795	total: 82
[600 601 602] (1803) > 1799	total: 83
[601 602 606] (1809) > 1803	total: 84
[602 606 607] (1815) > 1809	total: 85
[606 607 609] (1822) > 1815	total: 86
[607 609 611] (1827) > 1822	total: 87
[609 611 603] (1823) <= 1827
[611 603 604] (1818) <= 1823
[603 604 597] (1804) <= 1818
[604 597 598] (1799) <= 1804
[597 598 599] (1794) <= 1799
[598 599 606] (1803) > 1794	total: 88
[599 606 612] (1817) > 1803	total: 89
[606 612 615] (1833) > 1817	total: 90
[612 615 626] (1853) > 1833	total: 91
[615 626 621] (1862) > 1853	total: 92
[626 621 623] (1870) > 1862	total: 93
[621 623 624] (1868) <= 1870
[623 624 627] (1874) > 1868	total: 94
[624 627 630] (1881) > 1874	total: 95
[627 630 642] (1899) > 1881	total: 96
[630 642 641] (1913) > 1899	total: 97
[642 641 644] (1927) > 1913	total: 98
[641 644 642] (1927) <= 1927
[644 642 645] (1931) > 1927	total: 99
[642 645 648] (1935) > 1931	total: 100
[645 648 640] (1933) <= 1935
[648 640 636] (1924) <= 1933
[640 636 640] (1916) <= 1924
[636 640 660] (1936) > 1916	total: 101
[640 660 669] (1969) > 1936	total: 102
[660 669 676] (2005) > 1969	total: 103
[669 676 688] (2033) > 2005	total: 104
[676 688 689] (2053) > 2033	total: 105
[688 689 712] (2089) > 2053	total: 106
[689 712 716] (2117) > 2089	total: 107
[712 716 711] (2139) > 2117	total: 108
[716 711 715] (2142) > 2139	total: 109
[711 715 698] (2124) <= 2142
[715 698 705] (2118) <= 2124
[698 705 729] (2132) > 2118	total: 110
[705 729 730] (2164) > 2132	total: 111
[729 730 731] (2190) > 2164	total: 112
[730 731 714] (2175) <= 2190
[731 714 720] (2165) <= 2175
[714 720 710] (2144) <= 2165
[720 710 723] (2153) > 2144	total: 113
[710 723 727] (2160) > 2153	total: 114
[723 727 730] (2180) > 2160	total: 115
[727 730 738] (2195) > 2180	total: 116
[730 738 739] (2207) > 2195	total: 117
[738 739 743] (2220) > 2207	total: 118
[739 743 753] (2235) > 2220	total: 119
[743 753 755] (2251) > 2235	total: 120
[753 755 763] (2271) > 2251	total: 121
[755 763 765] (2283) > 2271	total: 122
[763 765 761] (2289) > 2283	total: 123
[765 761 758] (2284) <= 2289
[761 758 759] (2278) <= 2284
[758 759 780] (2297) > 2278	total: 124
[759 780 803] (2342) > 2297	total: 125
[780 803 788] (2371) > 2342	total: 126
[803 788 789] (2380) > 2371	total: 127
[788 789 810] (2387) > 2380	total: 128
[789 810 827] (2426) > 2387	total: 129
[810 827 837] (2474) > 2426	total: 130
[827 837 849] (2513) > 2474	total: 131
[837 849 843] (2529) > 2513	total: 132
[849 843 853] (2545) > 2529	total: 133
[843 853 852] (2548) > 2545	total: 134
[853 852 853] (2558) > 2548	total: 135
[852 853 865] (2570) > 2558	total: 136
[853 865 866] (2584) > 2570	total: 137
[865 866 876] (2607) > 2584	total: 138
[866 876 878] (2620) > 2607	total: 139
[876 878 871] (2625) > 2620	total: 140
[878 871 874] (2623) <= 2625
[871 874 878] (2623) <= 2623
[874 878 884] (2636) > 2623	total: 141
[878 884 888] (2650) > 2636	total: 142
[884 888 892] (2664) > 2650	total: 143
[888 892 887] (2667) > 2664	total: 144
[892 887 893] (2672) > 2667	total: 145
[887 893 894] (2674) > 2672	total: 146
[893 894 905] (2692) > 2674	total: 147
[894 905 906] (2705) > 2692	total: 148
[905 906 887] (2698) <= 2705
[906 887 912] (2705) > 2698	total: 149
[887 912 905] (2704) <= 2705
[912 905 898] (2715) > 2704	total: 150
[905 898 901] (2704) <= 2715
[898 901 879] (2678) <= 2704
[901 879 882] (2662) <= 2678
[879 882 897] (2658) <= 2662
[882 897 920] (2699) > 2658	total: 151
[897 920 918] (2735) > 2699	total: 152
[920 918 911] (2749) > 2735	total: 153
[918 911 916] (2745) <= 2749
[911 916 922] (2749) > 2745	total: 154
[916 922 931] (2769) > 2749	total: 155
[922 931 933] (2786) > 2769	total: 156
[931 933 931] (2795) > 2786	total: 157
[933 931 936] (2800) > 2795	total: 158
[931 936 943] (2810) > 2800	total: 159
[936 943 945] (2824) > 2810	total: 160
[943 945 955] (2843) > 2824	total: 161
[945 955 956] (2856) > 2843	total: 162
[955 956 951] (2862) > 2856	total: 163
[956 951 957] (2864) > 2862	total: 164
[951 957 953] (2861) <= 2864
[957 953 960] (2870) > 2861	total: 165
[953 960 965] (2878) > 2870	total: 166
[960 965 973] (2898) > 2878	total: 167
[965 973 994] (2932) > 2898	total: 168
[973 994 1012] (2979) > 2932	total: 169
[994 1012 1016] (3022) > 2979	total: 170
[1012 1016 1022] (3050) > 3022	total: 171
[1016 1022 1025] (3063) > 3050	total: 172
[1022 1025 1028] (3075) > 3063	total: 173
[1025 1028 1031] (3084) > 3075	total: 174
[1028 1031 1032] (3091) > 3084	total: 175
[1031 1032 1037] (3100) > 3091	total: 176
[1032 1037 1038] (3107) > 3100	total: 177
[1037 1038 1031] (3106) <= 3107
[1038 1031 1035] (3104) <= 3106
[1031 1035 1053] (3119) > 3104	total: 178
[1035 1053 1057] (3145) > 3119	total: 179
[1053 1057 1074] (3184) > 3145	total: 180
[1057 1074 1075] (3206) > 3184	total: 181
[1074 1075 1081] (3230) > 3206	total: 182
[1075 1081 1080] (3236) > 3230	total: 183
[1081 1080 1060] (3221) <= 3236
[1080 1060 1063] (3203) <= 3221
[1060 1063 1053] (3176) <= 3203
[1063 1053 1055] (3171) <= 3176
[1053 1055 1053] (3161) <= 3171
[1055 1053 1062] (3170) > 3161	total: 184
[1053 1062 1063] (3178) > 3170	total: 185
[1062 1063 1060] (3185) > 3178	total: 186
[1063 1060 1062] (3185) <= 3185
[1060 1062 1065] (3187) > 3185	total: 187
[1062 1065 1066] (3193) > 3187	total: 188
[1065 1066 1063] (3194) > 3193	total: 189
[1066 1063 1064] (3193) <= 3194
[1063 1064 1074] (3201) > 3193	total: 190
[1064 1074 1073] (3211) > 3201	total: 191
[1074 1073 1081] (3228) > 3211	total: 192
[1073 1081 1095] (3249) > 3228	total: 193
[1081 1095 1089] (3265) > 3249	total: 194
[1095 1089 1106] (3290) > 3265	total: 195
[1089 1106 1111] (3306) > 3290	total: 196
[1106 1111 1097] (3314) > 3306	total: 197
[1111 1097 1098] (3306) <= 3314
[1097 1098 1101] (3296) <= 3306
[1098 1101 1107] (3306) > 3296	total: 198
[1101 1107 1111] (3319) > 3306	total: 199
[1107 1111 1113] (3331) > 3319	total: 200
[1111 1113 1125] (3349) > 3331	total: 201
[1113 1125 1118] (3356) > 3349	total: 202
[1125 1118 1133] (3376) > 3356	total: 203
[1118 1133 1142] (3393) > 3376	total: 204
[1133 1142 1141] (3416) > 3393	total: 205
[1142 1141 1144] (3427) > 3416	total: 206
[1141 1144 1145] (3430) > 3427	total: 207
[1144 1145 1153] (3442) > 3430	total: 208
[1145 1153 1165] (3463) > 3442	total: 209
[1153 1165 1167] (3485) > 3463	total: 210
[1165 1167 1174] (3506) > 3485	total: 211
[1167 1174 1178] (3519) > 3506	total: 212
[1174 1178 1158] (3510) <= 3519
[1178 1158 1165] (3501) <= 3510
[1158 1165 1174] (3497) <= 3501
[1165 1174 1175] (3514) > 3497	total: 213
[1174 1175 1191] (3540) > 3514	total: 214
[1175 1191 1194] (3560) > 3540	total: 215
[1191 1194 1192] (3577) > 3560	total: 216
[1194 1192 1189] (3575) <= 3577
[1192 1189 1190] (3571) <= 3575
[1189 1190 1193] (3572) > 3571	total: 217
[1190 1193 1194] (3577) > 3572	total: 218
[1193 1194 1196] (3583) > 3577	total: 219
[1194 1196 1214] (3604) > 3583	total: 220
[1196 1214 1238] (3648) > 3604	total: 221
[1214 1238 1246] (3698) > 3648	total: 222
[1238 1246 1272] (3756) > 3698	total: 223
[1246 1272 1273] (3791) > 3756	total: 224
[1272 1273 1287] (3832) > 3791	total: 225
[1273 1287 1288] (3848) > 3832	total: 226
[1287 1288 1296] (3871) > 3848	total: 227
[1288 1296 1298] (3882) > 3871	total: 228
[1296 1298 1299] (3893) > 3882	total: 229
[1298 1299 1315] (3912) > 3893	total: 230
[1299 1315 1320] (3934) > 3912	total: 231
[1315 1320 1324] (3959) > 3934	total: 232
[1320 1324 1326] (3970) > 3959	total: 233
[1324 1326 1341] (3991) > 3970	total: 234
[1326 1341 1342] (4009) > 3991	total: 235
[1341 1342 1341] (4024) > 4009	total: 236
[1342 1341 1368] (4051) > 4024	total: 237
[1341 1368 1375] (4084) > 4051	total: 238
[1368 1375 1386] (4129) > 4084	total: 239
[1375 1386 1387] (4148) > 4129	total: 240
[1386 1387 1388] (4161) > 4148	total: 241
[1387 1388 1399] (4174) > 4161	total: 242
[1388 1399 1397] (4184) > 4174	total: 243
[1399 1397 1398] (4194) > 4184	total: 244
[1397 1398 1408] (4203) > 4194	total: 245
[1398 1408 1407] (4213) > 4203	total: 246
[1408 1407 1409] (4224) > 4213	total: 247
[1407 1409 1410] (4226) > 4224	total: 248
[1409 1410 1422] (4241) > 4226	total: 249
[1410 1422 1419] (4251) > 4241	total: 250
[1422 1419 1423] (4264) > 4251	total: 251
[1419 1423 1419] (4261) <= 4264
[1423 1419 1415] (4257) <= 4261
[1419 1415 1416] (4250) <= 4257
[1415 1416 1446] (4277) > 4250	total: 252
[1416 1446 1468] (4330) > 4277	total: 253
[1446 1468 1479] (4393) > 4330	total: 254
[1468 1479 1484] (4431) > 4393	total: 255
[1479 1484 1488] (4451) > 4431	total: 256
[1484 1488 1489] (4461) > 4451	total: 257
[1488 1489 1491] (4468) > 4461	total: 258
[1489 1491 1495] (4475) > 4468	total: 259
[1491 1495 1504] (4490) > 4475	total: 260
[1495 1504 1505] (4504) > 4490	total: 261
[1504 1505 1504] (4513) > 4504	total: 262
[1505 1504 1520] (4529) > 4513	total: 263
[1504 1520 1540] (4564) > 4529	total: 264
[1520 1540 1547] (4607) > 4564	total: 265
[1540 1547 1541] (4628) > 4607	total: 266
[1547 1541 1548] (4636) > 4628	total: 267
[1541 1548 1539] (4628) <= 4636
[1548 1539 1541] (4628) <= 4628
[1539 1541 1548] (4628) <= 4628
[1541 1548 1544] (4633) > 4628	total: 268
[1548 1544 1545] (4637) > 4633	total: 269
[1544 1545 1547] (4636) <= 4637
[1545 1547 1532] (4624) <= 4636
[1547 1532 1552] (4631) > 4624	total: 270
[1532 1552 1566] (4650) > 4631	total: 271
[1552 1566 1570] (4688) > 4650	total: 272
[1566 1570 1571] (4707) > 4688	total: 273
[1570 1571 1569] (4710) > 4707	total: 274
[1571 1569 1571] (4711) > 4710	total: 275
[1569 1571 1572] (4712) > 4711	total: 276
[1571 1572 1543] (4686) <= 4712
[1572 1543 1544] (4659) <= 4686
[1543 1544 1546] (4633) <= 4659
[1544 1546 1547] (4637) > 4633	total: 277
[1546 1547 1576] (4669) > 4637	total: 278
[1547 1576 1574] (4697) > 4669	total: 279
[1576 1574 1592] (4742) > 4697	total: 280
[1574 1592 1597] (4763) > 4742	total: 281
[1592 1597 1600] (4789) > 4763	total: 282
[1597 1600 1608] (4805) > 4789	total: 283
[1600 1608 1609] (4817) > 4805	total: 284
[1608 1609 1623] (4840) > 4817	total: 285
[1609 1623 1631] (4863) > 4840	total: 286
[1623 1631 1647] (4901) > 4863	total: 287
[1631 1647 1640] (4918) > 4901	total: 288
[1647 1640 1657] (4944) > 4918	total: 289
[1640 1657 1660] (4957) > 4944	total: 290
[1657 1660 1677] (4994) > 4957	total: 291
[1660 1677 1674] (5011) > 4994	total: 292
[1677 1674 1669] (5020) > 5011	total: 293
[1674 1669 1670] (5013) <= 5020
[1669 1670 1654] (4993) <= 5013
[1670 1654 1667] (4991) <= 4993
[1654 1667 1680] (5001) > 4991	total: 294
[1667 1680 1696] (5043) > 5001	total: 295
[1680 1696 1698] (5074) > 5043	total: 296
[1696 1698 1699] (5093) > 5074	total: 297
[1698 1699 1700] (5097) > 5093	total: 298
[1699 1700 1706] (5105) > 5097	total: 299
[1700 1706 1696] (5102) <= 5105
[1706 1696 1697] (5099) <= 5102
[1696 1697 1699] (5092) <= 5099
[1697 1699 1698] (5094) > 5092	total: 300
[1699 1698 1699] (5096) > 5094	total: 301
[1698 1699 1711] (5108) > 5096	total: 302
[1699 1711 1715] (5125) > 5108	total: 303
[1711 1715 1689] (5115) <= 5125
[1715 1689 1690] (5094) <= 5115
[1689 1690 1701] (5080) <= 5094
[1690 1701 1705] (5096) > 5080	total: 304
[1701 1705 1739] (5145) > 5096	total: 305
[1705 1739 1741] (5185) > 5145	total: 306
[1739 1741 1745] (5225) > 5185	total: 307
[1741 1745 1737] (5223) <= 5225
[1745 1737 1729] (5211) <= 5223
[1737 1729 1749] (5215) > 5211	total: 308
[1729 1749 1751] (5229) > 5215	total: 309
[1749 1751 1758] (5258) > 5229	total: 310
[1751 1758 1759] (5268) > 5258	total: 311
[1758 1759 1756] (5273) > 5268	total: 312
[1759 1756 1758] (5273) <= 5273
[1756 1758 1772] (5286) > 5273	total: 313
[1758 1772 1773] (5303) > 5286	total: 314
[1772 1773 1783] (5328) > 5303	total: 315
[1773 1783 1807] (5363) > 5328	total: 316
[1783 1807 1806] (5396) > 5363	total: 317
[1807 1806 1813] (5426) > 5396	total: 318
[1806 1813 1827] (5446) > 5426	total: 319
[1813 1827 1831] (5471) > 5446	total: 320
[1827 1831 1832] (5490) > 5471	total: 321
[1831 1832 1835] (5498) > 5490	total: 322
[1832 1835 1840] (5507) > 5498	total: 323
[1835 1840 1857] (5532) > 5507	total: 324
[1840 1857 1866] (5563) > 5532	total: 325
[1857 1866 1872] (5595) > 5563	total: 326
[1866 1872 1875] (5613) > 5595	total: 327
[1872 1875 1874] (5621) > 5613	total: 328
[1875 1874 1879] (5628) > 5621	total: 329
[1874 1879 1890] (5643) > 5628	total: 330
[1879 1890 1883] (5652) > 5643	total: 331
[1890 1883 1905] (5678) > 5652	total: 332
[1883 1905 1908] (5696) > 5678	total: 333
[1905 1908 1922] (5735) > 5696	total: 334
[1908 1922 1946] (5776) > 5735	total: 335
[1922 1946 1936] (5804) > 5776	total: 336
[1946 1936 1939] (5821) > 5804	total: 337
[1936 1939 1941] (5816) <= 5821
[1939 1941 1945] (5825) > 5816	total: 338
[1941 1945 1950] (5836) > 5825	total: 339
[1945 1950 1951] (5846) > 5836	total: 340
[1950 1951 1956] (5857) > 5846	total: 341
[1951 1956 1950] (5857) <= 5857
[1956 1950 1951] (5857) <= 5857
[1950 1951 1952] (5853) <= 5857
[1951 1952 1957] (5860) > 5853	total: 342
[1952 1957 1958] (5867) > 5860	total: 343
[1957 1958 1969] (5884) > 5867	total: 344
[1958 1969 1972] (5899) > 5884	total: 345
[1969 1972 2004] (5945) > 5899	total: 346
[1972 2004 2013] (5989) > 5945	total: 347
[2004 2013 2026] (6043) > 5989	total: 348
[2013 2026 2028] (6067) > 6043	total: 349
[2026 2028 2034] (6088) > 6067	total: 350
[2028 2034 2043] (6105) > 6088	total: 351
[2034 2043 2048] (6125) > 6105	total: 352
[2043 2048 2064] (6155) > 6125	total: 353
[2048 2064 2074] (6186) > 6155	total: 354
[2064 2074 2068] (6206) > 6186	total: 355
[2074 2068 2081] (6223) > 6206	total: 356
[2068 2081 2063] (6212) <= 6223
[2081 2063 2064] (6208) <= 6212
[2063 2064 2065] (6192) <= 6208
[2064 2065 2069] (6198) > 6192	total: 357
[2065 2069 2047] (6181) <= 6198
[2069 2047 2046] (6162) <= 6181
[2047 2046 2033] (6126) <= 6162
[2046 2033 2035] (6114) <= 6126
[2033 2035 2034] (6102) <= 6114
[2035 2034 2035] (6104) > 6102	total: 358
[2034 2035 2037] (6106) > 6104	total: 359
[2035 2037 2038] (6110) > 6106	total: 360
[2037 2038 2033] (6108) <= 6110
[2038 2033 2038] (6109) > 6108	total: 361
[2033 2038 2039] (6110) > 6109	total: 362
[2038 2039 2046] (6123) > 6110	total: 363
[2039 2046 2047] (6132) > 6123	total: 364
[2046 2047 2048] (6141) > 6132	total: 365
[2047 2048 2043] (6138) <= 6141
[2048 2043 2083] (6174) > 6138	total: 366
[2043 2083 2086] (6212) > 6174	total: 367
[2083 2086 2093] (6262) > 6212	total: 368
[2086 2093 2107] (6286) > 6262	total: 369
[2093 2107 2108] (6308) > 6286	total: 370
[2107 2108 2091] (6306) <= 6308
[2108 2091 2105] (6304) <= 6306
[2091 2105 2113] (6309) > 6304	total: 371
[2105 2113 2109] (6327) > 6309	total: 372
[2113 2109 2106] (6328) > 6327	total: 373
[2109 2106 2116] (6331) > 6328	total: 374
[2106 2116 2119] (6341) > 6331	total: 375
[2116 2119 2126] (6361) > 6341	total: 376
[2119 2126 2127] (6372) > 6361	total: 377
[2126 2127 2132] (6385) > 6372	total: 378
[2127 2132 2135] (6394) > 6385	total: 379
[2132 2135 2147] (6414) > 6394	total: 380
[2135 2147 2148] (6430) > 6414	total: 381
[2147 2148 2143] (6438) > 6430	total: 382
[2148 2143 2150] (6441) > 6438	total: 383
[2143 2150 2151] (6444) > 6441	total: 384
[2150 2151 2153] (6454) > 6444	total: 385
[2151 2153 2166] (6470) > 6454	total: 386
[2153 2166 2171] (6490) > 6470	total: 387
[2166 2171 2173] (6510) > 6490	total: 388
[2171 2173 2175] (6519) > 6510	total: 389
[2173 2175 2178] (6526) > 6519	total: 390
[2175 2178 2180] (6533) > 6526	total: 391
[2178 2180 2192] (6550) > 6533	total: 392
[2180 2192 2227] (6599) > 6550	total: 393
[2192 2227 2231] (6650) > 6599	total: 394
[2227 2231 2253] (6711) > 6650	total: 395
[2231 2253 2255] (6739) > 6711	total: 396
[2253 2255 2256] (6764) > 6739	total: 397
[2255 2256 2257] (6768) > 6764	total: 398
[2256 2257 2258] (6771) > 6768	total: 399
[2257 2258 2259] (6774) > 6771	total: 400
[2258 2259 2269] (6786) > 6774	total: 401
[2259 2269 2277] (6805) > 6786	total: 402
[2269 2277 2279] (6825) > 6805	total: 403
[2277 2279 2282] (6838) > 6825	total: 404
[2279 2282 2308] (6869) > 6838	total: 405
[2282 2308 2309] (6899) > 6869	total: 406
[2308 2309 2333] (6950) > 6899	total: 407
[2309 2333 2340] (6982) > 6950	total: 408
[2333 2340 2346] (7019) > 6982	total: 409
[2340 2346 2354] (7040) > 7019	total: 410
[2346 2354 2355] (7055) > 7040	total: 411
[2354 2355 2371] (7080) > 7055	total: 412
[2355 2371 2372] (7098) > 7080	total: 413
[2371 2372 2375] (7118) > 7098	total: 414
[2372 2375 2393] (7140) > 7118	total: 415
[2375 2393 2394] (7162) > 7140	total: 416
[2393 2394 2400] (7187) > 7162	total: 417
[2394 2400 2404] (7198) > 7187	total: 418
[2400 2404 2400] (7204) > 7198	total: 419
[2404 2400 2402] (7206) > 7204	total: 420
[2400 2402 2393] (7195) <= 7206
[2402 2393 2388] (7183) <= 7195
[2393 2388 2403] (7184) > 7183	total: 421
[2388 2403 2402] (7193) > 7184	total: 422
[2403 2402 2422] (7227) > 7193	total: 423
[2402 2422 2424] (7248) > 7227	total: 424
[2422 2424 2417] (7263) > 7248	total: 425
[2424 2417 2416] (7257) <= 7263
[2417 2416 2421] (7254) <= 7257
[2416 2421 2422] (7259) > 7254	total: 426
[2421 2422 2431] (7274) > 7259	total: 427
[2422 2431 2428] (7281) > 7274	total: 428
[2431 2428 2409] (7268) <= 7281
[2428 2409 2405] (7242) <= 7268
[2409 2405 2415] (7229) <= 7242
[2405 2415 2411] (7231) > 7229	total: 429
[2415 2411 2413] (7239) > 7231	total: 430
[2411 2413 2415] (7239) <= 7239
[2413 2415 2419] (7247) > 7239	total: 431
[2415 2419 2423] (7257) > 7247	total: 432
[2419 2423 2431] (7273) > 7257	total: 433
[2423 2431 2432] (7286) > 7273	total: 434
[2431 2432 2450] (7313) > 7286	total: 435
[2432 2450 2460] (7342) > 7313	total: 436
[2450 2460 2466] (7376) > 7342	total: 437
[2460 2466 2458] (7384) > 7376	total: 438
[2466 2458 2461] (7385) > 7384	total: 439
[2458 2461 2462] (7381) <= 7385
[2461 2462 2463] (7386) > 7381	total: 440
[2462 2463 2471] (7396) > 7386	total: 441
[2463 2471 2476] (7410) > 7396	total: 442
[2471 2476 2489] (7436) > 7410	total: 443
[2476 2489 2490] (7455) > 7436	total: 444
[2489 2490 2491] (7470) > 7455	total: 445
[2490 2491 2492] (7473) > 7470	total: 446
[2491 2492 2490] (7473) <= 7473
[2492 2490 2491] (7473) <= 7473
[2490 2491 2495] (7476) > 7473	total: 447
[2491 2495 2511] (7497) > 7476	total: 448
[2495 2511 2514] (7520) > 7497	total: 449
[2511 2514 2516] (7541) > 7520	total: 450
[2514 2516 2514] (7544) > 7541	total: 451
[2516 2514 2516] (7546) > 7544	total: 452
[2514 2516 2519] (7549) > 7546	total: 453
[2516 2519 2525] (7560) > 7549	total: 454
[2519 2525 2527] (7571) > 7560	total: 455
[2525 2527 2501] (7553) <= 7571
[2527 2501 2503] (7531) <= 7553
[2501 2503 2506] (7510) <= 7531
[2503 2506 2513] (7522) > 7510	total: 456
[2506 2513 2537] (7556) > 7522	total: 457
[2513 2537 2543] (7593) > 7556	total: 458
[2537 2543 2547] (7627) > 7593	total: 459
[2543 2547 2554] (7644) > 7627	total: 460
[2547 2554 2570] (7671) > 7644	total: 461
[2554 2570 2580] (7704) > 7671	total: 462
[2570 2580 2601] (7751) > 7704	total: 463
[2580 2601 2611] (7792) > 7751	total: 464
[2601 2611 2609] (7821) > 7792	total: 465
[2611 2609 2611] (7831) > 7821	total: 466
[2609 2611 2617] (7837) > 7831	total: 467
[2611 2617 2620] (7848) > 7837	total: 468
[2617 2620 2623] (7860) > 7848	total: 469
[2620 2623 2615] (7858) <= 7860
[2623 2615 2619] (7857) <= 7858
[2615 2619 2633] (7867) > 7857	total: 470
[2619 2633 2648] (7900) > 7867	total: 471
[2633 2648 2649] (7930) > 7900	total: 472
[2648 2649 2662] (7959) > 7930	total: 473
[2649 2662 2670] (7981) > 7959	total: 474
[2662 2670 2671] (8003) > 7981	total: 475
[2670 2671 2675] (8016) > 8003	total: 476
[2671 2675 2707] (8053) > 8016	total: 477
[2675 2707 2708] (8090) > 8053	total: 478
[2707 2708 2717] (8132) > 8090	total: 479
[2708 2717 2718] (8143) > 8132	total: 480
[2717 2718 2719] (8154) > 8143	total: 481
[2718 2719 2739] (8176) > 8154	total: 482
[2719 2739 2742] (8200) > 8176	total: 483
[2739 2742 2737] (8218) > 8200	total: 484
[2742 2737 2738] (8217) <= 8218
[2737 2738 2739] (8214) <= 8217
[2738 2739 2759] (8236) > 8214	total: 485
[2739 2759 2771] (8269) > 8236	total: 486
[2759 2771 2783] (8313) > 8269	total: 487
[2771 2783 2784] (8338) > 8313	total: 488
[2783 2784 2800] (8367) > 8338	total: 489
[2784 2800 2805] (8389) > 8367	total: 490
[2800 2805 2820] (8425) > 8389	total: 491
[2805 2820 2815] (8440) > 8425	total: 492
[2820 2815 2836] (8471) > 8440	total: 493
[2815 2836 2837] (8488) > 8471	total: 494
[2836 2837 2839] (8512) > 8488	total: 495
[2837 2839 2867] (8543) > 8512	total: 496
[2839 2867 2869] (8575) > 8543	total: 497
[2867 2869 2868] (8604) > 8575	total: 498
[2869 2868 2874] (8611) > 8604	total: 499
[2868 2874 2881] (8623) > 8611	total: 500
[2874 2881 2883] (8638) > 8623	total: 501
[2881 2883 2909] (8673) > 8638	total: 502
[2883 2909 2903] (8695) > 8673	total: 503
[2909 2903 2904] (8716) > 8695	total: 504
[2903 2904 2909] (8716) <= 8716
[2904 2909 2912] (8725) > 8716	total: 505
[2909 2912 2914] (8735) > 8725	total: 506
[2912 2914 2920] (8746) > 8735	total: 507
[2914 2920 2921] (8755) > 8746	total: 508
[2920 2921 2923] (8764) > 8755	total: 509
[2921 2923 2928] (8772) > 8764	total: 510
[2923 2928 2929] (8780) > 8772	total: 511
[2928 2929 2930] (8787) > 8780	total: 512
[2929 2930 2909] (8768) <= 8787
[2930 2909 2915] (8754) <= 8768
[2909 2915 2927] (8751) <= 8754
[2915 2927 2928] (8770) > 8751	total: 513
[2927 2928 2930] (8785) > 8770	total: 514
[2928 2930 2923] (8781) <= 8785
[2930 2923 2921] (8774) <= 8781
[2923 2921 2918] (8762) <= 8774
[2921 2918 2911] (8750) <= 8762
[2918 2911 2915] (8744) <= 8750
[2911 2915 2920] (8746) > 8744	total: 515
[2915 2920 2929] (8764) > 8746	total: 516
[2920 2929 2930] (8779) > 8764	total: 517
[2929 2930 2940] (8799) > 8779	total: 518
[2930 2940 2942] (8812) > 8799	total: 519
[2940 2942 2951] (8833) > 8812	total: 520
[2942 2951 2969] (8862) > 8833	total: 521
[2951 2969 2980] (8900) > 8862	total: 522
[2969 2980 2985] (8934) > 8900	total: 523
[2980 2985 2989] (8954) > 8934	total: 524
[2985 2989 2983] (8957) > 8954	total: 525
[2989 2983 2986] (8958) > 8957	total: 526
[2983 2986 2994] (8963) > 8958	total: 527
[2986 2994 3002] (8982) > 8963	total: 528
[2994 3002 3017] (9013) > 8982	total: 529
[3002 3017 3027] (9046) > 9013	total: 530
[3017 3027 3042] (9086) > 9046	total: 531
[3027 3042 3048] (9117) > 9086	total: 532
[3042 3048 3050] (9140) > 9117	total: 533
[3048 3050 3048] (9146) > 9140	total: 534
[3050 3048 3049] (9147) > 9146	total: 535
[3048 3049 3073] (9170) > 9147	total: 536
[3049 3073 3080] (9202) > 9170	total: 537
[3073 3080 3082] (9235) > 9202	total: 538
[3080 3082 3071] (9233) <= 9235
[3082 3071 3094] (9247) > 9233	total: 539
[3071 3094 3124] (9289) > 9247	total: 540
[3094 3124 3132] (9350) > 9289	total: 541
[3124 3132 3133] (9389) > 9350	total: 542
[3132 3133 3137] (9402) > 9389	total: 543
[3133 3137 3138] (9408) > 9402	total: 544
[3137 3138 3142] (9417) > 9408	total: 545
[3138 3142 3161] (9441) > 9417	total: 546
[3142 3161 3176] (9479) > 9441	total: 547
[3161 3176 3188] (9525) > 9479	total: 548
[3176 3188 3185] (9549) > 9525	total: 549
[3188 3185 3189] (9562) > 9549	total: 550
[3185 3189 3193] (9567) > 9562	total: 551
[3189 3193 3194] (9576) > 9567	total: 552
[3193 3194 3195] (9582) > 9576	total: 553
[3194 3195 3196] (9585) > 9582	total: 554
[3195 3196 3200] (9591) > 9585	total: 555
[3196 3200 3211] (9607) > 9591	total: 556
[3200 3211 3212] (9623) > 9607	total: 557
[3211 3212 3215] (9638) > 9623	total: 558
[3212 3215 3223] (9650) > 9638	total: 559
[3215 3223 3224] (9662) > 9650	total: 560
[3223 3224 3230] (9677) > 9662	total: 561
[3224 3230 3234] (9688) > 9677	total: 562
[3230 3234 3227] (9691) > 9688	total: 563
[3234 3227 3231] (9692) > 9691	total: 564
[3227 3231 3218] (9676) <= 9692
[3231 3218 3213] (9662) <= 9676
[3218 3213 3218] (9649) <= 9662
[3213 3218 3239] (9670) > 9649	total: 565
[3218 3239 3225] (9682) > 9670	total: 566
[3239 3225 3216] (9680) <= 9682
[3225 3216 3224] (9665) <= 9680
[3216 3224 3226] (9666) > 9665	total: 567
[3224 3226 3229] (9679) > 9666	total: 568
[3226 3229 3230] (9685) > 9679	total: 569
[3229 3230 3231] (9690) > 9685	total: 570
[3230 3231 3212] (9673) <= 9690
[3231 3212 3225] (9668) <= 9673
[3212 3225 3234] (9671) > 9668	total: 571
[3225 3234 3237] (9696) > 9671	total: 572
[3234 3237 3236] (9707) > 9696	total: 573
[3237 3236 3237] (9710) > 9707	total: 574
[3236 3237 3243] (9716) > 9710	total: 575
[3237 3243 3252] (9732) > 9716	total: 576
[3243 3252 3257] (9752) > 9732	total: 577
[3252 3257 3261] (9770) > 9752	total: 578
[3257 3261 3260] (9778) > 9770	total: 579
[3261 3260 3263] (9784) > 9778	total: 580
[3260 3263 3265] (9788) > 9784	total: 581
[3263 3265 3266] (9794) > 9788	total: 582
[3265 3266 3272] (9803) > 9794	total: 583
[3266 3272 3279] (9817) > 9803	total: 584
[3272 3279 3280] (9831) > 9817	total: 585
[3279 3280 3285] (9844) > 9831	total: 586
[3280 3285 3284] (9849) > 9844	total: 587
[3285 3284 3290] (9859) > 9849	total: 588
[3284 3290 3291] (9865) > 9859	total: 589
[3290 3291 3290] (9871) > 9865	total: 590
[3291 3290 3307] (9888) > 9871	total: 591
[3290 3307 3312] (9909) > 9888	total: 592
[3307 3312 3342] (9961) > 9909	total: 593
[3312 3342 3344] (9998) > 9961	total: 594
[3342 3344 3343] (10029) > 9998	total: 595
[3344 3343 3344] (10031) > 10029	total: 596
[3343 3344 3343] (10030) <= 10031
[3344 3343 3342] (10029) <= 10030
[3343 3342 3343] (10028) <= 10029
[3342 3343 3340] (10025) <= 10028
[3343 3340 3344] (10027) > 10025	total: 597
[3340 3344 3348] (10032) > 10027	total: 598
[3344 3348 3349] (10041) > 10032	total: 599
[3348 3349 3337] (10034) <= 10041
[3349 3337 3346] (10032) <= 10034
[3337 3346 3357] (10040) > 10032	total: 600
[3346 3357 3361] (10064) > 10040	total: 601
[3357 3361 3369] (10087) > 10064	total: 602
[3361 3369 3370] (10100) > 10087	total: 603
[3369 3370 3383] (10122) > 10100	total: 604
[3370 3383 3375] (10128) > 10122	total: 605
[3383 3375 3371] (10129) > 10128	total: 606
[3375 3371 3375] (10121) <= 10129
[3371 3375 3397] (10143) > 10121	total: 607
[3375 3397 3401] (10173) > 10143	total: 608
[3397 3401 3407] (10205) > 10173	total: 609
[3401 3407 3408] (10216) > 10205	total: 610
[3407 3408 3409] (10224) > 10216	total: 611
[3408 3409 3391] (10208) <= 10224
[3409 3391 3394] (10194) <= 10208
[3391 3394 3393] (10178) <= 10194
[3394 3393 3396] (10183) > 10178	total: 612
[3393 3396 3399] (10188) > 10183	total: 613
[3396 3399 3404] (10199) > 10188	total: 614
[3399 3404 3407] (10210) > 10199	total: 615
[3404 3407 3409] (10220) > 10210	total: 616
[3407 3409 3411] (10227) > 10220	total: 617
[3409 3411 3412] (10232) > 10227	total: 618
[3411 3412 3415] (10238) > 10232	total: 619
[3412 3415 3433] (10260) > 10238	total: 620
[3415 3433 3437] (10285) > 10260	total: 621
[3433 3437 3449] (10319) > 10285	total: 622
[3437 3449 3446] (10332) > 10319	total: 623
[3449 3446 3447] (10342) > 10332	total: 624
[3446 3447 3448] (10341) <= 10342
[3447 3448 3444] (10339) <= 10341
[3448 3444 3445] (10337) <= 10339
[3444 3445 3441] (10330) <= 10337
[3445 3441 3456] (10342) > 10330	total: 625
[3441 3456 3479] (10376) > 10342	total: 626
[3456 3479 3488] (10423) > 10376	total: 627
[3479 3488 3487] (10454) > 10423	total: 628
[3488 3487 3491] (10466) > 10454	total: 629
[3487 3491 3496] (10474) > 10466	total: 630
[3491 3496 3485] (10472) <= 10474
[3496 3485 3498] (10479) > 10472	total: 631
[3485 3498 3500] (10483) > 10479	total: 632
[3498 3500 3533] (10531) > 10483	total: 633
[3500 3533 3537] (10570) > 10531	total: 634
[3533 3537 3544] (10614) > 10570	total: 635
[3537 3544 3545] (10626) > 10614	total: 636
[3544 3545 3544] (10633) > 10626	total: 637
[3545 3544 3553] (10642) > 10633	total: 638
[3544 3553 3559] (10656) > 10642	total: 639
[3553 3559 3567] (10679) > 10656	total: 640
[3559 3567 3590] (10716) > 10679	total: 641
[3567 3590 3577] (10734) > 10716	total: 642
[3590 3577 3586] (10753) > 10734	total: 643
[3577 3586 3584] (10747) <= 10753
[3586 3584 3594] (10764) > 10747	total: 644
[3584 3594 3595] (10773) > 10764	total: 645
[3594 3595 3594] (10783) > 10773	total: 646
[3595 3594 3603] (10792) > 10783	total: 647
[3594 3603 3617] (10814) > 10792	total: 648
[3603 3617 3619] (10839) > 10814	total: 649
[3617 3619 3624] (10860) > 10839	total: 650
[3619 3624 3652] (10895) > 10860	total: 651
[3624 3652 3627] (10903) > 10895	total: 652
[3652 3627 3622] (10901) <= 10903
[3627 3622 3647] (10896) <= 10901
[3622 3647 3648] (10917) > 10896	total: 653
[3647 3648 3650] (10945) > 10917	total: 654
[3648 3650 3667] (10965) > 10945	total: 655
[3650 3667 3668] (10985) > 10965	total: 656
[3667 3668 3664] (10999) > 10985	total: 657
[3668 3664 3672] (11004) > 10999	total: 658
[3664 3672 3678] (11014) > 11004	total: 659
[3672 3678 3688] (11038) > 11014	total: 660
[3678 3688 3689] (11055) > 11038	total: 661
[3688 3689 3696] (11073) > 11055	total: 662
[3689 3696 3704] (11089) > 11073	total: 663
[3696 3704 3690] (11090) > 11089	total: 664
[3704 3690 3691] (11085) <= 11090
[3690 3691 3692] (11073) <= 11085
[3691 3692 3683] (11066) <= 11073
[3692 3683 3685] (11060) <= 11066
[3683 3685 3684] (11052) <= 11060
[3685 3684 3689] (11058) > 11052	total: 665
[3684 3689 3693] (11066) > 11058	total: 666
[3689 3693 3694] (11076) > 11066	total: 667
[3693 3694 3693] (11080) > 11076	total: 668
[3694 3693 3696] (11083) > 11080	total: 669
[3693 3696 3704] (11093) > 11083	total: 670
[3696 3704 3717] (11117) > 11093	total: 671
[3704 3717 3722] (11143) > 11117	total: 672
[3717 3722 3718] (11157) > 11143	total: 673
[3722 3718 3690] (11130) <= 11157
[3718 3690 3691] (11099) <= 11130
[3690 3691 3687] (11068) <= 11099
[3691 3687 3688] (11066) <= 11068
[3687 3688 3685] (11060) <= 11066
[3688 3685 3687] (11060) <= 11060
[3685 3687 3688] (11060) <= 11060
[3687 3688 3701] (11076) > 11060	total: 674
[3688 3701 3698] (11087) > 11076	total: 675
[3701 3698 3699] (11098) > 11087	total: 676
[3698 3699 3700] (11097) <= 11098
[3699 3700 3702] (11101) > 11097	total: 677
[3700 3702 3708] (11110) > 11101	total: 678
[3702 3708 3704] (11114) > 11110	total: 679
[3708 3704 3711] (11123) > 11114	total: 680
[3704 3711 3714] (11129) > 11123	total: 681
[3711 3714 3719] (11144) > 11129	total: 682
[3714 3719 3730] (11163) > 11144	total: 683
[3719 3730 3731] (11180) > 11163	total: 684
[3730 3731 3730] (11191) > 11180	total: 685
[3731 3730 3751] (11212) > 11191	total: 686
[3730 3751 3757] (11238) > 11212	total: 687
[3751 3757 3760] (11268) > 11238	total: 688
[3757 3760 3766] (11283) > 11268	total: 689
[3760 3766 3767] (11293) > 11283	total: 690
[3766 3767 3764] (11297) > 11293	total: 691
[3767 3764 3761] (11292) <= 11297
[3764 3761 3742] (11267) <= 11292
[3761 3742 3771] (11274) > 11267	total: 692
[3742 3771 3789] (11302) > 11274	total: 693
[3771 3789 3810] (11370) > 11302	total: 694
[3789 3810 3807] (11406) > 11370	total: 695
[3810 3807 3787] (11404) <= 11406
[3807 3787 3792] (11386) <= 11404
[3787 3792 3791] (11370) <= 11386
[3792 3791 3792] (11375) > 11370	total: 696
[3791 3792 3797] (11380) > 11375	total: 697
[3792 3797 3802] (11391) > 11380	total: 698
[3797 3802 3801] (11400) > 11391	total: 699
[3802 3801 3809] (11412) > 11400	total: 700
[3801 3809 3817] (11427) > 11412	total: 701
[3809 3817 3850] (11476) > 11427	total: 702
[3817 3850 3851] (11518) > 11476	total: 703
[3850 3851 3853] (11554) > 11518	total: 704
[3851 3853 3860] (11564) > 11554	total: 705
[3853 3860 3861] (11574) > 11564	total: 706
[3860 3861 3866] (11587) > 11574	total: 707
[3861 3866 3862] (11589) > 11587	total: 708
[3866 3862 3853] (11581) <= 11589
[3862 3853 3857] (11572) <= 11581
[3853 3857 3861] (11571) <= 11572
[3857 3861 3868] (11586) > 11571	total: 709
[3861 3868 3869] (11598) > 11586	total: 710
[3868 3869 3870] (11607) > 11598	total: 711
[3869 3870 3879] (11618) > 11607	total: 712
[3870 3879 3893] (11642) > 11618	total: 713
[3879 3893 3894] (11666) > 11642	total: 714
[3893 3894 3903] (11690) > 11666	total: 715
[3894 3903 3912] (11709) > 11690	total: 716
[3903 3912 3944] (11759) > 11709	total: 717
[3912 3944 3955] (11811) > 11759	total: 718
[3944 3955 3956] (11855) > 11811	total: 719
[3955 3956 3960] (11871) > 11855	total: 720
[3956 3960 3986] (11902) > 11871	total: 721
[3960 3986 3969] (11915) > 11902	total: 722
[3986 3969 3970] (11925) > 11915	total: 723
[3969 3970 3974] (11913) <= 11925
[3970 3974 3976] (11920) > 11913	total: 724
[3974 3976 4006] (11956) > 11920	total: 725
[3976 4006 4008] (11990) > 11956	total: 726
[4006 4008 4013] (12027) > 11990	total: 727
[4008 4013 4038] (12059) > 12027	total: 728
[4013 4038 4043] (12094) > 12059	total: 729
[4038 4043 4056] (12137) > 12094	total: 730
[4043 4056 4071] (12170) > 12137	total: 731
[4056 4071 4076] (12203) > 12170	total: 732
[4071 4076 4097] (12244) > 12203	total: 733
[4076 4097 4098] (12271) > 12244	total: 734
[4097 4098 4099] (12294) > 12271	total: 735
[4098 4099 4109] (12306) > 12294	total: 736
[4099 4109 4111] (12319) > 12306	total: 737
[4109 4111 4112] (12332) > 12319	total: 738
[4111 4112 4118] (12341) > 12332	total: 739
[4112 4118 4126] (12356) > 12341	total: 740
[4118 4126 4128] (12372) > 12356	total: 741
[4126 4128 4129] (12383) > 12372	total: 742
[4128 4129 4125] (12382) <= 12383
[4129 4125 4124] (12378) <= 12382
[4125 4124 4126] (12375) <= 12378
[4124 4126 4127] (12377) > 12375	total: 743
[4126 4127 4130] (12383) > 12377	total: 744
[4127 4130 4150] (12407) > 12383	total: 745
[4130 4150 4153] (12433) > 12407	total: 746
[4150 4153 4168] (12471) > 12433	total: 747
[4153 4168 4187] (12508) > 12471	total: 748
[4168 4187 4186] (12541) > 12508	total: 749
[4187 4186 4171] (12544) > 12541	total: 750
[4186 4171 4166] (12523) <= 12544
[4171 4166 4172] (12509) <= 12523
[4166 4172 4182] (12520) > 12509	total: 751
[4172 4182 4201] (12555) > 12520	total: 752
[4182 4201 4226] (12609) > 12555	total: 753
[4201 4226 4227] (12654) > 12609	total: 754
[4226 4227 4251] (12704) > 12654	total: 755
[4227 4251 4250] (12728) > 12704	total: 756
[4251 4250 4263] (12764) > 12728	total: 757
[4250 4263 4294] (12807) > 12764	total: 758
[4263 4294 4317] (12874) > 12807	total: 759
[4294 4317 4318] (12929) > 12874	total: 760
[4317 4318 4332] (12967) > 12929	total: 761
[4318 4332 4330] (12980) > 12967	total: 762
[4332 4330 4308] (12970) <= 12980
[4330 4308 4309] (12947) <= 12970
[4308 4309 4310] (12927) <= 12947
[4309 4310 4313] (12932) > 12927	total: 763
[4310 4313 4329] (12952) > 12932	total: 764
[4313 4329 4331] (12973) > 12952	total: 765
[4329 4331 4349] (13009) > 12973	total: 766
[4331 4349 4350] (13030) > 13009	total: 767
[4349 4350 4348] (13047) > 13030	total: 768
[4350 4348 4345] (13043) <= 13047
[4348 4345 4347] (13040) <= 13043
[4345 4347 4342] (13034) <= 13040
[4347 4342 4340] (13029) <= 13034
[4342 4340 4342] (13024) <= 13029
[4340 4342 4359] (13041) > 13024	total: 769
[4342 4359 4371] (13072) > 13041	total: 770
[4359 4371 4387] (13117) > 13072	total: 771
[4371 4387 4412] (13170) > 13117	total: 772
[4387 4412 4411] (13210) > 13170	total: 773
[4412 4411 4412] (13235) > 13210	total: 774
[4411 4412 4415] (13238) > 13235	total: 775
[4412 4415 4422] (13249) > 13238	total: 776
[4415 4422 4423] (13260) > 13249	total: 777
[4422 4423 4427] (13272) > 13260	total: 778
[4423 4427 4455] (13305) > 13272	total: 779
[4427 4455 4456] (13338) > 13305	total: 780
[4455 4456 4460] (13371) > 13338	total: 781
[4456 4460 4471] (13387) > 13371	total: 782
[4460 4471 4485] (13416) > 13387	total: 783
[4471 4485 4491] (13447) > 13416	total: 784
[4485 4491 4492] (13468) > 13447	total: 785
[4491 4492 4491] (13474) > 13468	total: 786
[4492 4491 4492] (13475) > 13474	total: 787
[4491 4492 4521] (13504) > 13475	total: 788
[4492 4521 4527] (13540) > 13504	total: 789
[4521 4527 4532] (13580) > 13540	total: 790
[4527 4532 4539] (13598) > 13580	total: 791
[4532 4539 4552] (13623) > 13598	total: 792
[4539 4552 4537] (13628) > 13623	total: 793
[4552 4537 4551] (13640) > 13628	total: 794
[4537 4551 4562] (13650) > 13640	total: 795
[4551 4562 4566] (13679) > 13650	total: 796
[4562 4566 4581] (13709) > 13679	total: 797
[4566 4581 4588] (13735) > 13709	total: 798
[4581 4588 4590] (13759) > 13735	total: 799
[4588 4590 4591] (13769) > 13759	total: 800
[4590 4591 4590] (13771) > 13769	total: 801
[4591 4590 4595] (13776) > 13771	total: 802
[4590 4595 4596] (13781) > 13776	total: 803
[4595 4596 4597] (13788) > 13781	total: 804
[4596 4597 4598] (13791) > 13788	total: 805
[4597 4598 4618] (13813) > 13791	total: 806
[4598 4618 4617] (13833) > 13813	total: 807
[4618 4617 4618] (13853) > 13833	total: 808
[4617 4618 4621] (13856) > 13853	total: 809
[4618 4621 4622] (13861) > 13856	total: 810
[4621 4622 4628] (13871) > 13861	total: 811
[4622 4628 4632] (13882) > 13871	total: 812
[4628 4632 4628] (13888) > 13882	total: 813
[4632 4628 4644] (13904) > 13888	total: 814
[4628 4644 4629] (13901) <= 13904
[4644 4629 4643] (13916) > 13901	total: 815
[4629 4643 4635] (13907) <= 13916
[4643 4635 4639] (13917) > 13907	total: 816
[4635 4639 4640] (13914) <= 13917
[4639 4640 4645] (13924) > 13914	total: 817
[4640 4645 4647] (13932) > 13924	total: 818
[4645 4647 4639] (13931) <= 13932
[4647 4639 4641] (13927) <= 13931
[4639 4641 4642] (13922) <= 13927
[4641 4642 4645] (13928) > 13922	total: 819
[4642 4645 4657] (13944) > 13928	total: 820
[4645 4657 4645] (13947) > 13944	total: 821
[4657 4645 4650] (13952) > 13947	total: 822
[4645 4650 4655] (13950) <= 13952
[4650 4655 4671] (13976) > 13950	total: 823
[4655 4671 4674] (14000) > 13976	total: 824
[4671 4674 4675] (14020) > 14000	total: 825
[4674 4675 4670] (14019) <= 14020
[4675 4670 4671] (14016) <= 14019
[4670 4671 4702] (14043) > 14016	total: 826
[4671 4702 4715] (14088) > 14043	total: 827
[4702 4715 4714] (14131) > 14088	total: 828
[4715 4714 4722] (14151) > 14131	total: 829
[4714 4722 4723] (14159) > 14151	total: 830
[4722 4723 4727] (14172) > 14159	total: 831
[4723 4727 4737] (14187) > 14172	total: 832
[4727 4737 4733] (14197) > 14187	total: 833
[4737 4733 4761] (14231) > 14197	total: 834
[4733 4761 4762] (14256) > 14231	total: 835
[4761 4762 4763] (14286) > 14256	total: 836
[4762 4763 4766] (14291) > 14286	total: 837
[4763 4766 4772] (14301) > 14291	total: 838
[4766 4772 4773] (14311) > 14301	total: 839
[4772 4773 4774] (14319) > 14311	total: 840
[4773 4774 4775] (14322) > 14319	total: 841
[4774 4775 4778] (14327) > 14322	total: 842
[4775 4778 4779] (14332) > 14327	total: 843
[4778 4779 4786] (14343) > 14332	total: 844
[4779 4786 4787] (14352) > 14343	total: 845
[4786 4787 4788] (14361) > 14352	total: 846
[4787 4788 4792] (14367) > 14361	total: 847
[4788 4792 4796] (14376) > 14367	total: 848
[4792 4796 4797] (14385) > 14376	total: 849
[4796 4797 4795] (14388) > 14385	total: 850
[4797 4795 4796] (14388) <= 14388
[4795 4796 4816] (14407) > 14388	total: 851
[4796 4816 4807] (14419) > 14407	total: 852
[4816 4807 4839] (14462) > 14419	total: 853
[4807 4839 4841] (14487) > 14462	total: 854
[4839 4841 4842] (14522) > 14487	total: 855
[4841 4842 4843] (14526) > 14522	total: 856
[4842 4843 4860] (14545) > 14526	total: 857
[4843 4860 4862] (14565) > 14545	total: 858
[4860 4862 4839] (14561) <= 14565
[4862 4839 4842] (14543) <= 14561
[4839 4842 4843] (14524) <= 14543
[4842 4843 4844] (14529) > 14524	total: 859
[4843 4844 4846] (14533) > 14529	total: 860
[4844 4846 4848] (14538) > 14533	total: 861
[4846 4848 4846] (14540) > 14538	total: 862
[4848 4846 4844] (14538) <= 14540
[4846 4844 4847] (14537) <= 14538
[4844 4847 4849] (14540) > 14537	total: 863
[4847 4849 4855] (14551) > 14540	total: 864
[4849 4855 4859] (14563) > 14551	total: 865
[4855 4859 4852] (14566) > 14563	total: 866
[4859 4852 4855] (14566) <= 14566
[4852 4855 4864] (14571) > 14566	total: 867
[4855 4864 4865] (14584) > 14571	total: 868
[4864 4865 4889] (14618) > 14584	total: 869
[4865 4889 4892] (14646) > 14618	total: 870
[4889 4892 4891] (14672) > 14646	total: 871
[4892 4891 4893] (14676) > 14672	total: 872
[4891 4893 4890] (14674) <= 14676
[4893 4890 4891] (14674) <= 14674
[4890 4891 4892] (14673) <= 14674
[4891 4892 4914] (14697) > 14673	total: 873
[4892 4914 4913] (14719) > 14697	total: 874
[4914 4913 4912] (14739) > 14719	total: 875
[4913 4912 4915] (14740) > 14739	total: 876
[4912 4915 4918] (14745) > 14740	total: 877
[4915 4918 4920] (14753) > 14745	total: 878
[4918 4920 4924] (14762) > 14753	total: 879
[4920 4924 4927] (14771) > 14762	total: 880
[4924 4927 4922] (14773) > 14771	total: 881
[4927 4922 4914] (14763) <= 14773
[4922 4914 4913] (14749) <= 14763
[4914 4913 4912] (14739) <= 14749
[4913 4912 4920] (14745) > 14739	total: 882
[4912 4920 4913] (14745) <= 14745
[4920 4913 4915] (14748) > 14745	total: 883
[4913 4915 4917] (14745) <= 14748
[4915 4917 4919] (14751) > 14745	total: 884
[4917 4919 4922] (14758) > 14751	total: 885
[4919 4922 4930] (14771) > 14758	total: 886
[4922 4930 4924] (14776) > 14771	total: 887
[4930 4924 4918] (14772) <= 14776
[4924 4918 4930] (14772) <= 14772
[4918 4930 4937] (14785) > 14772	total: 888
[4930 4937 4932] (14799) > 14785	total: 889
[4937 4932 4933] (14802) > 14799	total: 890
[4932 4933 4938] (14803) > 14802	total: 891
[4933 4938 4942] (14813) > 14803	total: 892
[4938 4942 4943] (14823) > 14813	total: 893
[4942 4943 4944] (14829) > 14823	total: 894
[4943 4944 4945] (14832) > 14829	total: 895
[4944 4945 4962] (14851) > 14832	total: 896
[4945 4962 4965] (14872) > 14851	total: 897
[4962 4965 4967] (14894) > 14872	total: 898
[4965 4967 4948] (14880) <= 14894
[4967 4948 4937] (14852) <= 14880
[4948 4937 4938] (14823) <= 14852
[4937 4938 4943] (14818) <= 14823
[4938 4943 4950] (14831) > 14818	total: 899
[4943 4950 4934] (14827) <= 14831
[4950 4934 4945] (14829) > 14827	total: 900
[4934 4945 4946] (14825) <= 14829
[4945 4946 4962] (14853) > 14825	total: 901
[4946 4962 4964] (14872) > 14853	total: 902
[4962 4964 4977] (14903) > 14872	total: 903
[4964 4977 4988] (14929) > 14903	total: 904
[4977 4988 5005] (14970) > 14929	total: 905
[4988 5005 5025] (15018) > 14970	total: 906
[5005 5025 5024] (15054) > 15018	total: 907
[5025 5024 5049] (15098) > 15054	total: 908
[5024 5049 5055] (15128) > 15098	total: 909
[5049 5055 5060] (15164) > 15128	total: 910
[5055 5060 5050] (15165) > 15164	total: 911
[5060 5050 5051] (15161) <= 15165
[5050 5051 5049] (15150) <= 15161
[5051 5049 5050] (15150) <= 15150
[5049 5050 5049] (15148) <= 15150
[5050 5049 5053] (15152) > 15148	total: 912
[5049 5053 5063] (15165) > 15152	total: 913
[5053 5063 5086] (15202) > 15165	total: 914
[5063 5086 5121] (15270) > 15202	total: 915
[5086 5121 5138] (15345) > 15270	total: 916
[5121 5138 5150] (15409) > 15345	total: 917
[5138 5150 5155] (15443) > 15409	total: 918
[5150 5155 5154] (15459) > 15443	total: 919
[5155 5154 5165] (15474) > 15459	total: 920
[5154 5165 5176] (15495) > 15474	total: 921
[5165 5176 5154] (15495) <= 15495
[5176 5154 5155] (15485) <= 15495
[5154 5155 5163] (15472) <= 15485
[5155 5163 5154] (15472) <= 15472
[5163 5154 5190] (15507) > 15472	total: 922
[5154 5190 5193] (15537) > 15507	total: 923
[5190 5193 5192] (15575) > 15537	total: 924
[5193 5192 5194] (15579) > 15575	total: 925
[5192 5194 5192] (15578) <= 15579
[5194 5192 5194] (15580) > 15578	total: 926
[5192 5194 5203] (15589) > 15580	total: 927
[5194 5203 5219] (15616) > 15589	total: 928
[5203 5219 5223] (15645) > 15616	total: 929
[5219 5223 5237] (15679) > 15645	total: 930
[5223 5237 5250] (15710) > 15679	total: 931
[5237 5250 5251] (15738) > 15710	total: 932
[5250 5251 5250] (15751) > 15738	total: 933
[5251 5250 5254] (15755) > 15751	total: 934
[5250 5254 5257] (15761) > 15755	total: 935
[5254 5257 5242] (15753) <= 15761
[5257 5242 5245] (15744) <= 15753
[5242 5245 5244] (15731) <= 15744
[5245 5244 5250] (15739) > 15731	total: 936
[5244 5250 5253] (15747) > 15739	total: 937
[5250 5253 5262] (15765) > 15747	total: 938
[5253 5262 5251] (15766) > 15765	total: 939
[5262 5251 5276] (15789) > 15766	total: 940
[5251 5276 5277] (15804) > 15789	total: 941
[5276 5277 5273] (15826) > 15804	total: 942
[5277 5273 5275] (15825) <= 15826
[5273 5275 5274] (15822) <= 15825
[5275 5274 5283] (15832) > 15822	total: 943
[5274 5283 5290] (15847) > 15832	total: 944
[5283 5290 5303] (15876) > 15847	total: 945
[5290 5303 5309] (15902) > 15876	total: 946
[5303 5309 5315] (15927) > 15902	total: 947
[5309 5315 5317] (15941) > 15927	total: 948
[5315 5317 5321] (15953) > 15941	total: 949
[5317 5321 5318] (15956) > 15953	total: 950
[5321 5318 5325] (15964) > 15956	total: 951
[5318 5325 5324] (15967) > 15964	total: 952
[5325 5324 5325] (15974) > 15967	total: 953
[5324 5325 5332] (15981) > 15974	total: 954
[5325 5332 5353] (16010) > 15981	total: 955
[5332 5353 5355] (16040) > 16010	total: 956
[5353 5355 5331] (16039) <= 16040
[5355 5331 5332] (16018) <= 16039
[5331 5332 5351] (16014) <= 16018
[5332 5351 5374] (16057) > 16014	total: 957
[5351 5374 5377] (16102) > 16057	total: 958
[5374 5377 5379] (16130) > 16102	total: 959
[5377 5379 5370] (16126) <= 16130
[5379 5370 5383] (16132) > 16126	total: 960
[5370 5383 5377] (16130) <= 16132
[5383 5377 5381] (16141) > 16130	total: 961
[5377 5381 5388] (16146) > 16141	total: 962
[5381 5388 5389] (16158) > 16146	total: 963
[5388 5389 5424] (16201) > 16158	total: 964
[5389 5424 5425] (16238) > 16201	total: 965
[5424 5425 5431] (16280) > 16238	total: 966
[5425 5431 5432] (16288) > 16280	total: 967
[5431 5432 5433] (16296) > 16288	total: 968
[5432 5433 5400] (16265) <= 16296
[5433 5400 5411] (16244) <= 16265
[5400 5411 5415] (16226) <= 16244
[5411 5415 5428] (16254) > 16226	total: 969
[5415 5428 5429] (16272) > 16254	total: 970
[5428 5429 5416] (16273) > 16272	total: 971
[5429 5416 5419] (16264) <= 16273
[5416 5419 5446] (16281) > 16264	total: 972
[5419 5446 5455] (16320) > 16281	total: 973
[5446 5455 5462] (16363) > 16320	total: 974
[5455 5462 5463] (16380) > 16363	total: 975
[5462 5463 5466] (16391) > 16380	total: 976
[5463 5466 5479] (16408) > 16391	total: 977
[5466 5479 5480] (16425) > 16408	total: 978
[5479 5480 5489] (16448) > 16425	total: 979
[5480 5489 5490] (16459) > 16448	total: 980
[5489 5490 5491] (16470) > 16459	total: 981
[5490 5491 5495] (16476) > 16470	total: 982
[5491 5495 5516] (16502) > 16476	total: 983
[5495 5516 5506] (16517) > 16502	total: 984
[5516 5506 5507] (16529) > 16517	total: 985
[5506 5507 5508] (16521) <= 16529
[5507 5508 5511] (16526) > 16521	total: 986
[5508 5511 5509] (16528) > 16526	total: 987
[5511 5509 5522] (16542) > 16528	total: 988
[5509 5522 5521] (16552) > 16542	total: 989
[5522 5521 5525] (16568) > 16552	total: 990
[5521 5525 5533] (16579) > 16568	total: 991
[5525 5533 5556] (16614) > 16579	total: 992
[5533 5556 5558] (16647) > 16614	total: 993
[5556 5558 5555] (16669) > 16647	total: 994
[5558 5555 5559] (16672) > 16669	total: 995
[5555 5559 5561] (16675) > 16672	total: 996
[5559 5561 5552] (16672) <= 16675
[5561 5552 5553] (16666) <= 16672
[5552 5553 5565] (16670) > 16666	total: 997
[5553 5565 5566] (16684) > 16670	total: 998
[5565 5566 5579] (16710) > 16684	total: 999
[5566 5579 5584] (16729) > 16710	total: 1000
[5579 5584 5585] (16748) > 16729	total: 1001
[5584 5585 5582] (16751) > 16748	total: 1002
[5585 5582 5583] (16750) <= 16751
[5582 5583 5595] (16760) > 16750	total: 1003
[5583 5595 5596] (16774) > 16760	total: 1004
[5595 5596 5618] (16809) > 16774	total: 1005
[5596 5618 5620] (16834) > 16809	total: 1006
[5618 5620 5621] (16859) > 16834	total: 1007
[5620 5621 5622] (16863) > 16859	total: 1008
[5621 5622 5631] (16874) > 16863	total: 1009
[5622 5631 5633] (16886) > 16874	total: 1010
[5631 5633 5634] (16898) > 16886	total: 1011
[5633 5634 5635] (16902) > 16898	total: 1012
[5634 5635 5637] (16906) > 16902	total: 1013
[5635 5637 5638] (16910) > 16906	total: 1014
[5637 5638 5637] (16912) > 16910	total: 1015
[5638 5637 5638] (16913) > 16912	total: 1016
[5637 5638 5647] (16922) > 16913	total: 1017
[5638 5647 5646] (16931) > 16922	total: 1018
[5647 5646 5684] (16977) > 16931	total: 1019
[5646 5684 5683] (17013) > 16977	total: 1020
[5684 5683 5685] (17052) > 17013	total: 1021
[5683 5685 5687] (17055) > 17052	total: 1022
[5685 5687 5690] (17062) > 17055	total: 1023
[5687 5690 5697] (17074) > 17062	total: 1024
[5690 5697 5691] (17078) > 17074	total: 1025
[5697 5691 5692] (17080) > 17078	total: 1026
[5691 5692 5689] (17072) <= 17080
[5692 5689 5692] (17073) > 17072	total: 1027
[5689 5692 5695] (17076) > 17073	total: 1028
[5692 5695 5705] (17092) > 17076	total: 1029
[5695 5705 5707] (17107) > 17092	total: 1030
[5705 5707 5729] (17141) > 17107	total: 1031
[5707 5729 5730] (17166) > 17141	total: 1032
[5729 5730 5717] (17176) > 17166	total: 1033
[5730 5717 5726] (17173) <= 17176
[5717 5726 5727] (17170) <= 17173
[5726 5727 5734] (17187) > 17170	total: 1034
[5727 5734 5730] (17191) > 17187	total: 1035
[5734 5730 5737] (17201) > 17191	total: 1036
[5730 5737 5735] (17202) > 17201	total: 1037
[5737 5735 5736] (17208) > 17202	total: 1038
[5735 5736 5755] (17226) > 17208	total: 1039
[5736 5755 5752] (17243) > 17226	total: 1040
[5755 5752 5764] (17271) > 17243	total: 1041
[5752 5764 5762] (17278) > 17271	total: 1042
[5764 5762 5761] (17287) > 17278	total: 1043
[5762 5761 5765] (17288) > 17287	total: 1044
[5761 5765 5774] (17300) > 17288	total: 1045
[5765 5774 5775] (17314) > 17300	total: 1046
[5774 5775 5776] (17325) > 17314	total: 1047
[5775 5776 5753] (17304) <= 17325
[5776 5753 5754] (17283) <= 17304
[5753 5754 5763] (17270) <= 17283
[5754 5763 5769] (17286) > 17270	total: 1048
[5763 5769 5768] (17300) > 17286	total: 1049
[5769 5768 5773] (17310) > 17300	total: 1050
[5768 5773 5772] (17313) > 17310	total: 1051
[5773 5772 5779] (17324) > 17313	total: 1052
[5772 5779 5776] (17327) > 17324	total: 1053
[5779 5776 5793] (17348) > 17327	total: 1054
[5776 5793 5802] (17371) > 17348	total: 1055
[5793 5802 5815] (17410) > 17371	total: 1056
[5802 5815 5819] (17436) > 17410	total: 1057
[5815 5819 5816] (17450) > 17436	total: 1058
[5819 5816 5811] (17446) <= 17450
[5816 5811 5812] (17439) <= 17446
[5811 5812 5814] (17437) <= 17439
[5812 5814 5812] (17438) > 17437	total: 1059
[5814 5812 5815] (17441) > 17438	total: 1060
[5812 5815 5813] (17440) <= 17441
[5815 5813 5827] (17455) > 17440	total: 1061
[5813 5827 5800] (17440) <= 17455
[5827 5800 5802] (17429) <= 17440
[5800 5802 5801] (17403) <= 17429
[5802 5801 5802] (17405) > 17403	total: 1062
[5801 5802 5805] (17408) > 17405	total: 1063
[5802 5805 5809] (17416) > 17408	total: 1064
[5805 5809 5817] (17431) > 17416	total: 1065
[5809 5817 5826] (17452) > 17431	total: 1066
[5817 5826 5832] (17475) > 17452	total: 1067
[5826 5832 5833] (17491) > 17475	total: 1068
[5832 5833 5836] (17501) > 17491	total: 1069
[5833 5836 5838] (17507) > 17501	total: 1070
[5836 5838 5840] (17514) > 17507	total: 1071
[5838 5840 5853] (17531) > 17514	total: 1072
[5840 5853 5859] (17552) > 17531	total: 1073
[5853 5859 5870] (17582) > 17552	total: 1074
[5859 5870 5873] (17602) > 17582	total: 1075
[5870 5873 5879] (17622) > 17602	total: 1076
[5873 5879 5891] (17643) > 17622	total: 1077
[5879 5891 5898] (17668) > 17643	total: 1078
[5891 5898 5907] (17696) > 17668	total: 1079
[5898 5907 5902] (17707) > 17696	total: 1080
[5907 5902 5905] (17714) > 17707	total: 1081
[5902 5905 5910] (17717) > 17714	total: 1082
[5905 5910 5914] (17729) > 17717	total: 1083
[5910 5914 5918] (17742) > 17729	total: 1084
[5914 5918 5913] (17745) > 17742	total: 1085
[5918 5913 5914] (17745) <= 17745
[5913 5914 5913] (17740) <= 17745
[5914 5913 5914] (17741) > 17740	total: 1086
[5913 5914 5935] (17762) > 17741	total: 1087
[5914 5935 5954] (17803) > 17762	total: 1088
[5935 5954 5963] (17852) > 17803	total: 1089
[5954 5963 5964] (17881) > 17852	total: 1090
[5963 5964 5973] (17900) > 17881	total: 1091
[5964 5973 5977] (17914) > 17900	total: 1092
[5973 5977 5978] (17928) > 17914	total: 1093
[5977 5978 5988] (17943) > 17928	total: 1094
[5978 5988 5980] (17946) > 17943	total: 1095
[5988 5980 5981] (17949) > 17946	total: 1096
[5980 5981 5984] (17945) <= 17949
[5981 5984 5986] (17951) > 17945	total: 1097
[5984 5986 5985] (17955) > 17951	total: 1098
[5986 5985 5987] (17958) > 17955	total: 1099
[5985 5987 5995] (17967) > 17958	total: 1100
[5987 5995 6002] (17984) > 17967	total: 1101
[5995 6002 6003] (18000) > 17984	total: 1102
[6002 6003 6001] (18006) > 18000	total: 1103
[6003 6001 6007] (18011) > 18006	total: 1104
[6001 6007 6009] (18017) > 18011	total: 1105
[6007 6009 6012] (18028) > 18017	total: 1106
[6009 6012 6019] (18040) > 18028	total: 1107
[6012 6019 6022] (18053) > 18040	total: 1108
[6019 6022 6023] (18064) > 18053	total: 1109
[6022 6023 6022] (18067) > 18064	total: 1110
[6023 6022 6023] (18068) > 18067	total: 1111
[6022 6023 6024] (18069) > 18068	total: 1112
[6023 6024 6025] (18072) > 18069	total: 1113
[6024 6025 6027] (18076) > 18072	total: 1114
[6025 6027 6028] (18080) > 18076	total: 1115
[6027 6028 6030] (18085) > 18080	total: 1116
[6028 6030 6032] (18090) > 18085	total: 1117
[6030 6032 6050] (18112) > 18090	total: 1118
[6032 6050 6041] (18123) > 18112	total: 1119
[6050 6041 6042] (18133) > 18123	total: 1120
[6041 6042 6041] (18124) <= 18133
[6042 6041 6043] (18126) > 18124	total: 1121
[6041 6043 6044] (18128) > 18126	total: 1122
[6043 6044 6079] (18166) > 18128	total: 1123
[6044 6079 6086] (18209) > 18166	total: 1124
[6079 6086 6077] (18242) > 18209	total: 1125
[6086 6077 6088] (18251) > 18242	total: 1126
[6077 6088 6098] (18263) > 18251	total: 1127
[6088 6098 6100] (18286) > 18263	total: 1128
[6098 6100 6101] (18299) > 18286	total: 1129
[6100 6101 6103] (18304) > 18299	total: 1130
[6101 6103 6105] (18309) > 18304	total: 1131
[6103 6105 6106] (18314) > 18309	total: 1132
[6105 6106 6114] (18325) > 18314	total: 1133
[6106 6114 6118] (18338) > 18325	total: 1134
[6114 6118 6119] (18351) > 18338	total: 1135
[6118 6119 6121] (18358) > 18351	total: 1136
[6119 6121 6130] (18370) > 18358	total: 1137
[6121 6130 6138] (18389) > 18370	total: 1138
[6130 6138 6139] (18407) > 18389	total: 1139
[6138 6139 6135] (18412) > 18407	total: 1140
[6139 6135 6146] (18420) > 18412	total: 1141
[6135 6146 6147] (18428) > 18420	total: 1142
[6146 6147 6150] (18443) > 18428	total: 1143
[6147 6150 6162] (18459) > 18443	total: 1144
[6150 6162 6163] (18475) > 18459	total: 1145
[6162 6163 6180] (18505) > 18475	total: 1146
[6163 6180 6188] (18531) > 18505	total: 1147
[6180 6188 6190] (18558) > 18531	total: 1148
[6188 6190 6196] (18574) > 18558	total: 1149
[6190 6196 6192] (18578) > 18574	total: 1150
[6196 6192 6195] (18583) > 18578	total: 1151
[6192 6195 6205] (18592) > 18583	total: 1152
[6195 6205 6203] (18603) > 18592	total: 1153
[6205 6203 6204] (18612) > 18603	total: 1154
[6203 6204 6206] (18613) > 18612	total: 1155
[6204 6206 6207] (18617) > 18613	total: 1156
[6206 6207 6203] (18616) <= 18617
[6207 6203 6204] (18614) <= 18616
[6203 6204 6205] (18612) <= 18614
[6204 6205 6211] (18620) > 18612	total: 1157
[6205 6211 6210] (18626) > 18620	total: 1158
[6211 6210 6214] (18635) > 18626	total: 1159
[6210 6214 6230] (18654) > 18635	total: 1160
[6214 6230 6233] (18677) > 18654	total: 1161
[6230 6233 6234] (18697) > 18677	total: 1162
[6233 6234 6248] (18715) > 18697	total: 1163
[6234 6248 6239] (18721) > 18715	total: 1164
[6248 6239 6249] (18736) > 18721	total: 1165
[6239 6249 6263] (18751) > 18736	total: 1166
[6249 6263 6265] (18777) > 18751	total: 1167
[6263 6265 6273] (18801) > 18777	total: 1168
[6265 6273 6275] (18813) > 18801	total: 1169
[6273 6275 6274] (18822) > 18813	total: 1170
[6275 6274 6278] (18827) > 18822	total: 1171
[6274 6278 6272] (18824) <= 18827
[6278 6272 6286] (18836) > 18824	total: 1172
[6272 6286 6288] (18846) > 18836	total: 1173
[6286 6288 6292] (18866) > 18846	total: 1174
[6288 6292 6271] (18851) <= 18866
[6292 6271 6276] (18839) <= 18851
[6271 6276 6285] (18832) <= 18839
[6276 6285 6286] (18847) > 18832	total: 1175
[6285 6286 6287] (18858) > 18847	total: 1176
[6286 6287 6291] (18864) > 18858	total: 1177
[6287 6291 6300] (18878) > 18864	total: 1178
[6291 6300 6307] (18898) > 18878	total: 1179
[6300 6307 6312] (18919) > 18898	total: 1180
[6307 6312 6313] (18932) > 18919	total: 1181
[6312 6313 6314] (18939) > 18932	total: 1182
[6313 6314 6316] (18943) > 18939	total: 1183
[6314 6316 6317] (18947) > 18943	total: 1184
[6316 6317 6331] (18964) > 18947	total: 1185
[6317 6331 6332] (18980) > 18964	total: 1186
[6331 6332 6334] (18997) > 18980	total: 1187
[6332 6334 6332] (18998) > 18997	total: 1188
[6334 6332 6331] (18997) <= 18998
[6332 6331 6344] (19007) > 18997	total: 1189
[6331 6344 6339] (19014) > 19007	total: 1190
[6344 6339 6350] (19033) > 19014	total: 1191
[6339 6350 6354] (19043) > 19033	total: 1192
[6350 6354 6356] (19060) > 19043	total: 1193
[6354 6356 6358] (19068) > 19060	total: 1194
[6356 6358 6361] (19075) > 19068	total: 1195
[6358 6361 6370] (19089) > 19075	total: 1196
[6361 6370 6374] (19105) > 19089	total: 1197
[6370 6374 6377] (19121) > 19105	total: 1198
[6374 6377 6363] (19114) <= 19121
[6377 6363 6364] (19104) <= 19114
[6363 6364 6367] (19094) <= 19104
[6364 6367 6360] (19091) <= 19094
[6367 6360 6356] (19083) <= 19091
[6360 6356 6358] (19074) <= 19083
[6356 6358 6361] (19075) > 19074	total: 1199
[6358 6361 6362] (19081) > 19075	total: 1200
[6361 6362 6364] (19087) > 19081	total: 1201
[6362 6364 6386] (19112) > 19087	total: 1202
[6364 6386 6393] (19143) > 19112	total: 1203
[6386 6393 6415] (19194) > 19143	total: 1204
[6393 6415 6419] (19227) > 19194	total: 1205
[6415 6419 6421] (19255) > 19227	total: 1206
[6419 6421 6418] (19258) > 19255	total: 1207
[6421 6418 6424] (19263) > 19258	total: 1208
[6418 6424 6426] (19268) > 19263	total: 1209
[6424 6426 6433] (19283) > 19268	total: 1210
[6426 6433 6442] (19301) > 19283	total: 1211
[6433 6442 6444] (19319) > 19301	total: 1212
[6442 6444 6436] (19322) > 19319	total: 1213
[6444 6436 6440] (19320) <= 19322
[6436 6440 6442] (19318) <= 19320
[6440 6442 6441] (19323) > 19318	total: 1214
[6442 6441 6444] (19327) > 19323	total: 1215
[6441 6444 6450] (19335) > 19327	total: 1216
[6444 6450 6432] (19326) <= 19335
[6450 6432 6451] (19333) > 19326	total: 1217
[6432 6451 6467] (19350) > 19333	total: 1218
[6451 6467 6472] (19390) > 19350	total: 1219
[6467 6472 6476] (19415) > 19390	total: 1220
[6472 6476 6469] (19417) > 19415	total: 1221
[6476 6469 6470] (19415) <= 19417
[6469 6470 6468] (19407) <= 19415
[6470 6468 6480] (19418) > 19407	total: 1222
[6468 6480 6503] (19451) > 19418	total: 1223
[6480 6503 6505] (19488) > 19451	total: 1224
[6503 6505 6506] (19514) > 19488	total: 1225
[6505 6506 6493] (19504) <= 19514
[6506 6493 6495] (19494) <= 19504
[6493 6495 6496] (19484) <= 19494
[6495 6496 6504] (19495) > 19484	total: 1226
[6496 6504 6509] (19509) > 19495	total: 1227
[6504 6509 6500] (19513) > 19509	total: 1228
[6509 6500 6491] (19500) <= 19513
[6500 6491 6503] (19494) <= 19500
[6491 6503 6524] (19518) > 19494	total: 1229
[6503 6524 6542] (19569) > 19518	total: 1230
[6524 6542 6556] (19622) > 19569	total: 1231
[6542 6556 6557] (19655) > 19622	total: 1232
[6556 6557 6566] (19679) > 19655	total: 1233
[6557 6566 6577] (19700) > 19679	total: 1234
[6566 6577 6573] (19716) > 19700	total: 1235
[6577 6573 6579] (19729) > 19716	total: 1236
[6573 6579 6586] (19738) > 19729	total: 1237
[6579 6586 6587] (19752) > 19738	total: 1238
[6586 6587 6595] (19768) > 19752	total: 1239
[6587 6595 6606] (19788) > 19768	total: 1240
[6595 6606 6612] (19813) > 19788	total: 1241
[6606 6612 6615] (19833) > 19813	total: 1242
[6612 6615 6633] (19860) > 19833	total: 1243
[6615 6633 6635] (19883) > 19860	total: 1244
[6633 6635 6636] (19904) > 19883	total: 1245
[6635 6636 6634] (19905) > 19904	total: 1246
[6636 6634 6624] (19894) <= 19905
[6634 6624 6626] (19884) <= 19894
[6624 6626 6627] (19877) <= 19884
[6626 6627 6641] (19894) > 19877	total: 1247
[6627 6641 6644] (19912) > 19894	total: 1248
[6641 6644 6654] (19939) > 19912	total: 1249
[6644 6654 6657] (19955) > 19939	total: 1250
[6654 6657 6656] (19967) > 19955	total: 1251
[6657 6656 6655] (19968) > 19967	total: 1252
[6656 6655 6658] (19969) > 19968	total: 1253
[6655 6658 6660] (19973) > 19969	total: 1254
[6658 6660 6665] (19983) > 19973	total: 1255
[6660 6665 6664] (19989) > 19983	total: 1256
[6665 6664 6665] (19994) > 19989	total: 1257
[6664 6665 6685] (20014) > 19994	total: 1258
[6665 6685 6676] (20026) > 20014	total: 1259
[6685 6676 6677] (20038) > 20026	total: 1260
[6676 6677 6679] (20032) <= 20038
[6677 6679 6682] (20038) > 20032	total: 1261
[6679 6682 6712] (20073) > 20038	total: 1262
[6682 6712 6717] (20111) > 20073	total: 1263
[6712 6717 6724] (20153) > 20111	total: 1264
[6717 6724 6733] (20174) > 20153	total: 1265
[6724 6733 6735] (20192) > 20174	total: 1266
[6733 6735 6742] (20210) > 20192	total: 1267
[6735 6742 6747] (20224) > 20210	total: 1268
[6742 6747 6771] (20260) > 20224	total: 1269
[6747 6771 6772] (20290) > 20260	total: 1270
[6771 6772 6788] (20331) > 20290	total: 1271
[6772 6788 6802] (20362) > 20331	total: 1272
[6788 6802 6814] (20404) > 20362	total: 1273
[6802 6814 6815] (20431) > 20404	total: 1274
[6814 6815 6814] (20443) > 20431	total: 1275
[6815 6814 6820] (20449) > 20443	total: 1276
[6814 6820 6819] (20453) > 20449	total: 1277
[6820 6819 6823] (20462) > 20453	total: 1278
[6819 6823 6822] (20464) > 20462	total: 1279
[6823 6822 6826] (20471) > 20464	total: 1280
[6822 6826 6835] (20483) > 20471	total: 1281
[6826 6835 6840] (20501) > 20483	total: 1282
[6835 6840 6842] (20517) > 20501	total: 1283
[6840 6842 6847] (20529) > 20517	total: 1284
[6842 6847 6843] (20532) > 20529	total: 1285
[6847 6843 6823] (20513) <= 20532
[6843 6823 6829] (20495) <= 20513
[6823 6829 6824] (20476) <= 20495
[6829 6824 6823] (20476) <= 20476
[6824 6823 6825] (20472) <= 20476
[6823 6825 6826] (20474) > 20472	total: 1286
[6825 6826 6825] (20476) > 20474	total: 1287
[6826 6825 6829] (20480) > 20476	total: 1288
[6825 6829 6830] (20484) > 20480	total: 1289
[6829 6830 6831] (20490) > 20484	total: 1290
[6830 6831 6847] (20508) > 20490	total: 1291
[6831 6847 6876] (20554) > 20508	total: 1292
[6847 6876 6878] (20601) > 20554	total: 1293
[6876 6878 6879] (20633) > 20601	total: 1294
[6878 6879 6880] (20637) > 20633	total: 1295
[6879 6880 6881] (20640) > 20637	total: 1296
[6880 6881 6888] (20649) > 20640	total: 1297
[6881 6888 6909] (20678) > 20649	total: 1298
[6888 6909 6912] (20709) > 20678	total: 1299
[6909 6912 6913] (20734) > 20709	total: 1300
[6912 6913 6911] (20736) > 20734	total: 1301
[6913 6911 6920] (20744) > 20736	total: 1302
[6911 6920 6923] (20754) > 20744	total: 1303
[6920 6923 6927] (20770) > 20754	total: 1304
[6923 6927 6941] (20791) > 20770	total: 1305
[6927 6941 6951] (20819) > 20791	total: 1306
[6941 6951 6946] (20838) > 20819	total: 1307
[6951 6946 6948] (20845) > 20838	total: 1308
[6946 6948 6954] (20848) > 20845	total: 1309
[6948 6954 6957] (20859) > 20848	total: 1310
[6954 6957 6956] (20867) > 20859	total: 1311
[6957 6956 6958] (20871) > 20867	total: 1312
[6956 6958 6964] (20878) > 20871	total: 1313
[6958 6964 6966] (20888) > 20878	total: 1314
[6964 6966 6971] (20901) > 20888	total: 1315
[6966 6971 6972] (20909) > 20901	total: 1316
[6971 6972 6985] (20928) > 20909	total: 1317
[6972 6985 6987] (20944) > 20928	total: 1318
[6985 6987 6988] (20960) > 20944	total: 1319
[6987 6988 6989] (20964) > 20960	total: 1320
[6988 6989 6997] (20974) > 20964	total: 1321
[6989 6997 6998] (20984) > 20974	total: 1322
[6997 6998 6986] (20981) <= 20984
[6998 6986 6988] (20972) <= 20981
[6986 6988 6987] (20961) <= 20972
[6988 6987 6994] (20969) > 20961	total: 1323
[6987 6994 7000] (20981) > 20969	total: 1324
[6994 7000 7004] (20998) > 20981	total: 1325
[7000 7004 7009] (21013) > 20998	total: 1326
[7004 7009 7020] (21033) > 21013	total: 1327
[7009 7020 7025] (21054) > 21033	total: 1328
[7020 7025 7035] (21080) > 21054	total: 1329
[7025 7035 7045] (21105) > 21080	total: 1330
[7035 7045 7047] (21127) > 21105	total: 1331
[7045 7047 7062] (21154) > 21127	total: 1332
[7047 7062 7065] (21174) > 21154	total: 1333
[7062 7065 7066] (21193) > 21174	total: 1334
[7065 7066 7052] (21183) <= 21193
[7066 7052 7053] (21171) <= 21183
[7052 7053 7052] (21157) <= 21171
[7053 7052 7046] (21151) <= 21157
[7052 7046 7050] (21148) <= 21151
[7046 7050 7053] (21149) > 21148	total: 1335
[7050 7053 7054] (21157) > 21149	total: 1336
[7053 7054 7057] (21164) > 21157	total: 1337
[7054 7057 7047] (21158) <= 21164
[7057 7047 7050] (21154) <= 21158
[7047 7050 7036] (21133) <= 21154
[7050 7036 7043] (21129) <= 21133
[7036 7043 7034] (21113) <= 21129
[7043 7034 7016] (21093) <= 21113
[7034 7016 7040] (21090) <= 21093
[7016 7040 7039] (21095) > 21090	total: 1338
[7040 7039 7040] (21119) > 21095	total: 1339
[7039 7040 7042] (21121) > 21119	total: 1340
[7040 7042 7029] (21111) <= 21121
[7042 7029 7037] (21108) <= 21111
[7029 7037 7052] (21118) > 21108	total: 1341
[7037 7052 7056] (21145) > 21118	total: 1342
[7052 7056 7057] (21165) > 21145	total: 1343
[7056 7057 7058] (21171) > 21165	total: 1344
[7057 7058 7062] (21177) > 21171	total: 1345
[7058 7062 7063] (21183) > 21177	total: 1346
[7062 7063 7051] (21176) <= 21183
[7063 7051 7053] (21167) <= 21176
[7051 7053 7056] (21160) <= 21167
[7053 7056 7057] (21166) > 21160	total: 1347
[7056 7057 7058] (21171) > 21166	total: 1348
[7057 7058 7059] (21174) > 21171	total: 1349
[7058 7059 7061] (21178) > 21174	total: 1350
[7059 7061 7082] (21202) > 21178	total: 1351
[7061 7082 7081] (21224) > 21202	total: 1352
[7082 7081 7089] (21252) > 21224	total: 1353
[7081 7089 7090] (21260) > 21252	total: 1354
[7089 7090 7086] (21265) > 21260	total: 1355
[7090 7086 7090] (21266) > 21265	total: 1356
[7086 7090 7094] (21270) > 21266	total: 1357
[7090 7094 7095] (21279) > 21270	total: 1358
[7094 7095 7100] (21289) > 21279	total: 1359
[7095 7100 7101] (21296) > 21289	total: 1360
[7100 7101 7076] (21277) <= 21296
[7101 7076 7079] (21256) <= 21277
[7076 7079 7085] (21240) <= 21256
[7079 7085 7089] (21253) > 21240	total: 1361
[7085 7089 7093] (21267) > 21253	total: 1362
[7089 7093 7109] (21291) > 21267	total: 1363
[7093 7109 7110] (21312) > 21291	total: 1364
[7109 7110 7104] (21323) > 21312	total: 1365
[7110 7104 7093] (21307) <= 21323
[7104 7093 7100] (21297) <= 21307
[7093 7100 7111] (21304) > 21297	total: 1366
[7100 7111 7109] (21320) > 21304	total: 1367
[7111 7109 7104] (21324) > 21320	total: 1368
[7109 7104 7116] (21329) > 21324	total: 1369
[7104 7116 7117] (21337) > 21329	total: 1370
[7116 7117 7115] (21348) > 21337	total: 1371
[7117 7115 7111] (21343) <= 21348
[7115 7111 7124] (21350) > 21343	total: 1372
[7111 7124 7125] (21360) > 21350	total: 1373
[7124 7125 7124] (21373) > 21360	total: 1374
[7125 7124 7125] (21374) > 21373	total: 1375
[7124 7125 7120] (21369) <= 21374
[7125 7120 7118] (21363) <= 21369
[7120 7118 7119] (21357) <= 21363
[7118 7119 7112] (21349) <= 21357
[7119 7112 7114] (21345) <= 21349
[7112 7114 7115] (21341) <= 21345
[7114 7115 7141] (21370) > 21341	total: 1376
[7115 7141 7140] (21396) > 21370	total: 1377
[7141 7140 7141] (21422) > 21396	total: 1378
[7140 7141 7168] (21449) > 21422	total: 1379
[7141 7168 7158] (21467) > 21449	total: 1380
[7168 7158 7189] (21515) > 21467	total: 1381
[7158 7189 7195] (21542) > 21515	total: 1382
[7189 7195 7196] (21580) > 21542	total: 1383
[7195 7196 7193] (21584) > 21580	total: 1384
[7196 7193 7221] (21610) > 21584	total: 1385
[7193 7221 7225] (21639) > 21610	total: 1386
[7221 7225 7227] (21673) > 21639	total: 1387
[7225 7227 7228] (21680) > 21673	total: 1388
[7227 7228 7229] (21684) > 21680	total: 1389
[7228 7229 7239] (21696) > 21684	total: 1390
[7229 7239 7242] (21710) > 21696	total: 1391
[7239 7242 7243] (21724) > 21710	total: 1392
[7242 7243 7252] (21737) > 21724	total: 1393
[7243 7252 7260] (21755) > 21737	total: 1394
[7252 7260 7276] (21788) > 21755	total: 1395
[7260 7276 7278] (21814) > 21788	total: 1396
[7276 7278 7277] (21831) > 21814	total: 1397
[7278 7277 7295] (21850) > 21831	total: 1398
[7277 7295 7298] (21870) > 21850	total: 1399
[7295 7298 7313] (21906) > 21870	total: 1400
[7298 7313 7296] (21907) > 21906	total: 1401
[7313 7296 7297] (21906) <= 21907
[7296 7297 7319] (21912) > 21906	total: 1402
[7297 7319 7342] (21958) > 21912	total: 1403
[7319 7342 7343] (22004) > 21958	total: 1404
[7342 7343 7347] (22032) > 22004	total: 1405
[7343 7347 7359] (22049) > 22032	total: 1406
[7347 7359 7343] (22049) <= 22049
[7359 7343 7344] (22046) <= 22049
[7343 7344 7348] (22035) <= 22046
[7344 7348 7361] (22053) > 22035	total: 1407
[7348 7361 7365] (22074) > 22053	total: 1408
[7361 7365 7366] (22092) > 22074	total: 1409
[7365 7366 7368] (22099) > 22092	total: 1410
[7366 7368 7377] (22111) > 22099	total: 1411
[7368 7377 7378] (22123) > 22111	total: 1412
[7377 7378 7375] (22130) > 22123	total: 1413
[7378 7375 7376] (22129) <= 22130
[7375 7376 7368] (22119) <= 22129
[7376 7368 7388] (22132) > 22119	total: 1414
[7368 7388 7385] (22141) > 22132	total: 1415
[7388 7385 7400] (22173) > 22141	total: 1416
[7385 7400 7401] (22186) > 22173	total: 1417
[7400 7401 7402] (22203) > 22186	total: 1418
[7401 7402 7404] (22207) > 22203	total: 1419
[7402 7404 7413] (22219) > 22207	total: 1420
[7404 7413 7411] (22228) > 22219	total: 1421
[7413 7411 7414] (22238) > 22228	total: 1422
[7411 7414 7415] (22240) > 22238	total: 1423
[7414 7415 7417] (22246) > 22240	total: 1424
[7415 7417 7422] (22254) > 22246	total: 1425
[7417 7422 7421] (22260) > 22254	total: 1426
[7422 7421 7419] (22262) > 22260	total: 1427
[7421 7419 7428] (22268) > 22262	total: 1428
[7419 7428 7437] (22284) > 22268	total: 1429
[7428 7437 7436] (22301) > 22284	total: 1430
[7437 7436 7437] (22310) > 22301	total: 1431
[7436 7437 7440] (22313) > 22310	total: 1432
[7437 7440 7442] (22319) > 22313	total: 1433
[7440 7442 7440] (22322) > 22319	total: 1434
[7442 7440 7442] (22324) > 22322	total: 1435
[7440 7442 7463] (22345) > 22324	total: 1436
[7442 7463 7478] (22383) > 22345	total: 1437
[7463 7478 7488] (22429) > 22383	total: 1438
[7478 7488 7506] (22472) > 22429	total: 1439
[7488 7506 7510] (22504) > 22472	total: 1440
[7506 7510 7518] (22534) > 22504	total: 1441
[7510 7518 7531] (22559) > 22534	total: 1442
[7518 7531 7537] (22586) > 22559	total: 1443
[7531 7537 7534] (22602) > 22586	total: 1444
[7537 7534 7533] (22604) > 22602	total: 1445
[7534 7533 7523] (22590) <= 22604
[7533 7523 7522] (22578) <= 22590
[7523 7522 7538] (22583) > 22578	total: 1446
[7522 7538 7528] (22588) > 22583	total: 1447
[7538 7528 7530] (22596) > 22588	total: 1448
[7528 7530 7533] (22591) <= 22596
[7530 7533 7535] (22598) > 22591	total: 1449
[7533 7535 7530] (22598) <= 22598
[7535 7530 7546] (22611) > 22598	total: 1450
[7530 7546 7547] (22623) > 22611	total: 1451
[7546 7547 7548] (22641) > 22623	total: 1452
[7547 7548 7545] (22640) <= 22641
[7548 7545 7546] (22639) <= 22640
[7545 7546 7541] (22632) <= 22639
[7546 7541 7553] (22640) > 22632	total: 1453
[7541 7553 7554] (22648) > 22640	total: 1454
[7553 7554 7555] (22662) > 22648	total: 1455
[7554 7555 7556] (22665) > 22662	total: 1456
[7555 7556 7564] (22675) > 22665	total: 1457
[7556 7564 7568] (22688) > 22675	total: 1458
[7564 7568 7589] (22721) > 22688	total: 1459
[7568 7589 7590] (22747) > 22721	total: 1460
[7589 7590 7609] (22788) > 22747	total: 1461
[7590 7609 7619] (22818) > 22788	total: 1462
[7609 7619 7624] (22852) > 22818	total: 1463
[7619 7624 7627] (22870) > 22852	total: 1464
[7624 7627 7629] (22880) > 22870	total: 1465
[7627 7629 7630] (22886) > 22880	total: 1466
[7629 7630 7651] (22910) > 22886	total: 1467
[7630 7651 7664] (22945) > 22910	total: 1468
[7651 7664 7658] (22973) > 22945	total: 1469
[7664 7658 7656] (22978) > 22973	total: 1470
[7658 7656 7667] (22981) > 22978	total: 1471
[7656 7667 7670] (22993) > 22981	total: 1472
[7667 7670 7678] (23015) > 22993	total: 1473
[7670 7678 7682] (23030) > 23015	total: 1474
[7678 7682 7683] (23043) > 23030	total: 1475
[7682 7683 7694] (23059) > 23043	total: 1476
[7683 7694 7695] (23072) > 23059	total: 1477
[7694 7695 7696] (23085) > 23072	total: 1478
[7695 7696 7704] (23095) > 23085	total: 1479
[7696 7704 7706] (23106) > 23095	total: 1480
[7704 7706 7716] (23126) > 23106	total: 1481
[7706 7716 7723] (23145) > 23126	total: 1482
[7716 7723 7722] (23161) > 23145	total: 1483
[7723 7722 7725] (23170) > 23161	total: 1484
[7722 7725 7730] (23177) > 23170	total: 1485
[7725 7730 7728] (23183) > 23177	total: 1486
[7730 7728 7729] (23187) > 23183	total: 1487
[7728 7729 7723] (23180) <= 23187
[7729 7723 7738] (23190) > 23180	total: 1488
[7723 7738 7717] (23178) <= 23190
[7738 7717 7711] (23166) <= 23178
[7717 7711 7727] (23155) <= 23166
[7711 7727 7705] (23143) <= 23155
[7727 7705 7716] (23148) > 23143	total: 1489
[7705 7716 7713] (23134) <= 23148
[7716 7713 7703] (23132) <= 23134
[7713 7703 7710] (23126) <= 23132
[7703 7710 7712] (23125) <= 23126
[7710 7712 7713] (23135) > 23125	total: 1490
[7712 7713 7714] (23139) > 23135	total: 1491
[7713 7714 7715] (23142) > 23139	total: 1492
[7714 7715 7718] (23147) > 23142	total: 1493
[7715 7718 7721] (23154) > 23147	total: 1494
[7718 7721 7735] (23174) > 23154	total: 1495
[7721 7735 7739] (23195) > 23174	total: 1496
[7735 7739 7722] (23196) > 23195	total: 1497
[7739 7722 7726] (23187) <= 23196
[7722 7726 7727] (23175) <= 23187
[7726 7727 7737] (23190) > 23175	total: 1498
[7727 7737 7743] (23207) > 23190	total: 1499
[7737 7743 7744] (23224) > 23207	total: 1500
[7743 7744 7724] (23211) <= 23224
[7744 7724 7723] (23191) <= 23211
[7724 7723 7724] (23171) <= 23191
[7723 7724 7726] (23173) > 23171	total: 1501
[7724 7726 7754] (23204) > 23173	total: 1502
[7726 7754 7760] (23240) > 23204	total: 1503
[7754 7760 7758] (23272) > 23240	total: 1504
[7760 7758 7769] (23287) > 23272	total: 1505
[7758 7769 7768] (23295) > 23287	total: 1506
[7769 7768 7769] (23306) > 23295	total: 1507
[7768 7769 7775] (23312) > 23306	total: 1508
[7769 7775 7776] (23320) > 23312	total: 1509
[7775 7776 7777] (23328) > 23320	total: 1510
[7776 7777 7785] (23338) > 23328	total: 1511
[7777 7785 7822] (23384) > 23338	total: 1512
[7785 7822 7823] (23430) > 23384	total: 1513
[7822 7823 7822] (23467) > 23430	total: 1514
[7823 7822 7824] (23469) > 23467	total: 1515
[7822 7824 7826] (23472) > 23469	total: 1516
[7824 7826 7849] (23499) > 23472	total: 1517
[7826 7849 7854] (23529) > 23499	total: 1518
[7849 7854 7860] (23563) > 23529	total: 1519
[7854 7860 7836] (23550) <= 23563
[7860 7836 7839] (23535) <= 23550
[7836 7839 7838] (23513) <= 23535
[7839 7838 7839] (23516) > 23513	total: 1520
[7838 7839 7859] (23536) > 23516	total: 1521
[7839 7859 7861] (23559) > 23536	total: 1522
[7859 7861 7862] (23582) > 23559	total: 1523
[7861 7862 7863] (23586) > 23582	total: 1524
[7862 7863 7873] (23598) > 23586	total: 1525
[7863 7873 7863] (23599) > 23598	total: 1526
[7873 7863 7885] (23621) > 23599	total: 1527
[7863 7885 7887] (23635) > 23621	total: 1528
[7885 7887 7889] (23661) > 23635	total: 1529
[7887 7889 7882] (23658) <= 23661
[7889 7882 7881] (23652) <= 23658
[7882 7881 7882] (23645) <= 23652
[7881 7882 7883] (23646) > 23645	total: 1530
[7882 7883 7888] (23653) > 23646	total: 1531
[7883 7888 7890] (23661) > 23653	total: 1532
[7888 7890 7902] (23680) > 23661	total: 1533
[7890 7902 7907] (23699) > 23680	total: 1534
[7902 7907 7908] (23717) > 23699	total: 1535
[7907 7908 7942] (23757) > 23717	total: 1536
[7908 7942 7947] (23797) > 23757	total: 1537
[7942 7947 7946] (23835) > 23797	total: 1538
[7947 7946 7948] (23841) > 23835	total: 1539
[7946 7948 7949] (23843) > 23841	total: 1540
[7948 7949 7952] (23849) > 23843	total: 1541
[7949 7952 7953] (23854) > 23849	total: 1542
[7952 7953 7952] (23857) > 23854	total: 1543
[7953 7952 7954] (23859) > 23857	total: 1544
[7952 7954 7937] (23843) <= 23859
[7954 7937 7933] (23824) <= 23843
[7937 7933 7928] (23798) <= 23824
[7933 7928 7932] (23793) <= 23798
[7928 7932 7933] (23793) <= 23793
[7932 7933 7938] (23803) > 23793	total: 1545
[7933 7938 7939] (23810) > 23803	total: 1546
[7938 7939 7941] (23818) > 23810	total: 1547
[7939 7941 7943] (23823) > 23818	total: 1548
[7941 7943 7944] (23828) > 23823	total: 1549
[7943 7944 7946] (23833) > 23828	total: 1550
[7944 7946 7940] (23830) <= 23833
[7946 7940 7941] (23827) <= 23830
[7940 7941 7940] (23821) <= 23827
[7941 7940 7935] (23816) <= 23821
[7940 7935 7938] (23813) <= 23816
[7935 7938 7939] (23812) <= 23813
[7938 7939 7938] (23815) > 23812	total: 1551
[7939 7938 7965] (23842) > 23815	total: 1552
[7938 7965 7986] (23889) > 23842	total: 1553
[7965 7986 8006] (23957) > 23889	total: 1554
[7986 8006 7999] (23991) > 23957	total: 1555
[8006 7999 8000] (24005) > 23991	total: 1556
[7999 8000 8016] (24015) > 24005	total: 1557
[8000 8016 8027] (24043) > 24015	total: 1558
[8016 8027 8026] (24069) > 24043	total: 1559
[8027 8026 8027] (24080) > 24069	total: 1560
[8026 8027 8030] (24083) > 24080	total: 1561
[8027 8030 8031] (24088) > 24083	total: 1562
[8030 8031 8032] (24093) > 24088	total: 1563
[8031 8032 8033] (24096) > 24093	total: 1564
[8032 8033 8035] (24100) > 24096	total: 1565
[8033 8035 8036] (24104) > 24100	total: 1566
[8035 8036 8038] (24109) > 24104	total: 1567
[8036 8038 8041] (24115) > 24109	total: 1568
[8038 8041 8054] (24133) > 24115	total: 1569
[8041 8054 8059] (24154) > 24133	total: 1570
[8054 8059 8060] (24173) > 24154	total: 1571
[8059 8060 8055] (24174) > 24173	total: 1572
[8060 8055 8053] (24168) <= 24174
[8055 8053 8058] (24166) <= 24168
[8053 8058 8067] (24178) > 24166	total: 1573
[8058 8067 8071] (24196) > 24178	total: 1574
[8067 8071 8081] (24219) > 24196	total: 1575
[8071 8081 8082] (24234) > 24219	total: 1576
[8081 8082 8083] (24246) > 24234	total: 1577
[8082 8083 8099] (24264) > 24246	total: 1578
[8083 8099 8121] (24303) > 24264	total: 1579
[8099 8121 8102] (24322) > 24303	total: 1580
[8121 8102 8101] (24324) > 24322	total: 1581
[8102 8101 8093] (24296) <= 24324
[8101 8093 8106] (24300) > 24296	total: 1582
[8093 8106 8113] (24312) > 24300	total: 1583
[8106 8113 8114] (24333) > 24312	total: 1584
[8113 8114 8117] (24344) > 24333	total: 1585
[8114 8117 8121] (24352) > 24344	total: 1586
[8117 8121 8146] (24384) > 24352	total: 1587
[8121 8146 8158] (24425) > 24384	total: 1588
[8146 8158 8144] (24448) > 24425	total: 1589
[8158 8144 8146] (24448) <= 24448
[8144 8146 8150] (24440) <= 24448
[8146 8150 8173] (24469) > 24440	total: 1590
[8150 8173 8199] (24522) > 24469	total: 1591
[8173 8199 8198] (24570) > 24522	total: 1592
[8199 8198 8202] (24599) > 24570	total: 1593
[8198 8202 8207] (24607) > 24599	total: 1594
[8202 8207 8196] (24605) <= 24607
[8207 8196 8200] (24603) <= 24605
[8196 8200 8202] (24598) <= 24603
[8200 8202 8219] (24621) > 24598	total: 1595
[8202 8219 8225] (24646) > 24621	total: 1596
[8219 8225 8238] (24682) > 24646	total: 1597
[8225 8238 8241] (24704) > 24682	total: 1598
[8238 8241 8242] (24721) > 24704	total: 1599
[8241 8242 8276] (24759) > 24721	total: 1600
[8242 8276 8283] (24801) > 24759	total: 1601
[8276 8283 8285] (24844) > 24801	total: 1602
[8283 8285 8290] (24858) > 24844	total: 1603
[8285 8290 8291] (24866) > 24858	total: 1604
[8290 8291 8292] (24873) > 24866	total: 1605
[8291 8292 8293] (24876) > 24873	total: 1606
[8292 8293 8294] (24879) > 24876	total: 1607
[8293 8294 8297] (24884) > 24879	total: 1608
[8294 8297 8298] (24889) > 24884	total: 1609
[8297 8298 8310] (24905) > 24889	total: 1610
[8298 8310 8311] (24919) > 24905	total: 1611
[8310 8311 8315] (24936) > 24919	total: 1612
[8311 8315 8317] (24943) > 24936	total: 1613
[8315 8317 8321] (24953) > 24943	total: 1614
[8317 8321 8304] (24942) <= 24953
[8321 8304 8303] (24928) <= 24942
[8304 8303 8304] (24911) <= 24928
[8303 8304 8299] (24906) <= 24911
[8304 8299 8306] (24909) > 24906	total: 1615
[8299 8306 8317] (24922) > 24909	total: 1616
[8306 8317 8320] (24943) > 24922	total: 1617
[8317 8320 8341] (24978) > 24943	total: 1618
